Doc #0: 0.0603753862823 3.57483185496e-07 0.00503621419096 4.98020673109e-11 0.00014100164368 1.24808459004e-10 2.90686747209e-06 0.69007584297 0.0535375079067 1.77962538651e-07 2.79091415338e-11 1.84042654904e-07 3.06422098273e-08 8.02833713481e-09 0.000129088761409 7.03738218303e-05 1.09696707438e-10 0.190595543227 3.53758033035e-05 5.36582443015e-11
Doc #1: 0.0425031047447 0.0786517863583 3.44025693088e-11 2.25299912276e-11 0.0463820789308 1.08788195729e-06 0.0351782952771 5.11145762096e-06 0.0917048313993 0.000244714742545 7.28118491484e-06 2.21275244485e-07 7.48344989487e-12 8.44828560747e-11 1.1845707408e-08 1.17489499357e-13 4.99278745015e-13 0.00697929856281 0.698342176189 1.8810105635e-15
Doc #2: 0.073266631589 1.36690936334e-11 3.9778754215e-10 6.04459668866e-13 3.65160707282e-05 4.0950574935e-09 0.0156278010542 1.21852693051e-11 9.16231175225e-11 1.7315198297e-07 3.42482310796e-08 0.0278999816633 0.3405504517 0.176076441484 3.80805803608e-09 6.9867670406e-10 1.04050228361e-07 7.48216797368e-09 0.366541848347 4.12263747446e-11
Doc #3: 7.35884673208e-16 1.82424682093e-09 8.28952202338e-15 1.20705867164e-15 0.99999999352 6.328125441e-14 4.10599726967e-13 1.71078446226e-12 3.29979287013e-09 1.15637427904e-12 1.67794501147e-16 4.75343949506e-14 6.79747853771e-24 1.22885516582e-17 9.97470301513e-10 3.46459068533e-10 1.73027562319e-16 8.45819215841e-12 1.45729230349e-17 1.25088515009e-18
Doc #4: 5.02341024672e-11 1.47586352238e-10 3.18083991668e-12 3.32810194791e-10 0.531165605004 0.00392691783169 7.01387348143e-07 2.32065360201e-10 4.5214909997e-13 6.28855765152e-06 3.89897350964e-10 2.32869858816e-14 1.12486757531e-19 1.9459058116e-09 6.93439987511e-16 2.20538881247e-11 0.0563376905303 0.311207887088 2.89831892658e-12 0.0973549064737
Doc #5: 3.89038319375e-05 2.00656663639e-07 0.000415722343527 1.97668518564e-14 0.0509188316483 9.76243652273e-10 9.39130282326e-08 5.55905776375e-08 1.51326353315e-06 1.66270856553e-09 5.33911601278e-10 1.53536240073e-05 3.74164467477e-24 1.03511772073e-12 5.47613889763e-10 0.179829092751 5.48932170054e-22 1.75460325454e-07 0.768780050113 3.08284345277e-09
Doc #6: 1.72301642412e-09 4.31381748203e-13 2.88460268237e-13 5.41602352995e-12 0.000905216621302 3.05898075282e-14 3.18033620439e-11 3.93104303704e-12 0.999094781405 1.78425440889e-12 1.73406262535e-10 2.5399325349e-13 2.49920551754e-11 7.63745998947e-15 9.66409770266e-17 7.57598560179e-12 1.42436393182e-17 4.88854684653e-13 6.16731561919e-15 3.84146627071e-14
Doc #7: 3.13243436555e-15 1.45098797319e-10 5.42716726376e-11 2.2008336024e-05 3.16696338609e-08 9.96912107261e-06 2.43759095925e-14 2.07926884752e-15 5.68165606366e-09 9.65905611445e-08 2.09107687738e-06 0.000784350903346 9.72186977364e-16 5.74024317934e-12 2.83988044035e-12 3.36744656583e-05 1.51455947709e-19 2.44915175263e-09 0.999147764603 4.89547115302e-09
Doc #8: 1.86989836439e-08 0.01946559568 9.21872856355e-16 3.03089049057e-08 0.243551805383 2.62013652202e-12 0.736126008687 8.3794147168e-06 5.24801659425e-09 2.44475347057e-09 0.000243021115647 4.07600312031e-09 0.000603357844474 5.96960692813e-15 1.00537089264e-09 1.88532374588e-09 1.27338271354e-10 3.36540679966e-08 1.73442467101e-06 2.0531242548e-17
Doc #9: 0.00271890754559 1.2505194952e-09 0.00422459198736 0.0233772437139 5.10948380511e-05 3.71917263429e-07 0.29348459008 0.239326077469 3.69334746068e-12 1.7622004919e-07 0.00288278348454 0.410697333575 9.65373973026e-17 5.24622599378e-07 5.99879878612e-09 1.26529401763e-07 2.47750778517e-23 2.86088736028e-06 0.000253447532347 0.0229798623437
Doc #10: 0.049001468118 1.14894713057e-08 0.000113194517474 5.25889333147e-13 2.28207250429e-11 2.15954001011e-10 8.98098004083e-08 8.69976264128e-12 0.531114211482 2.52933222656e-05 2.1210193096e-11 2.07613198614e-09 3.82208168864e-06 1.83584906703e-10 6.65082071067e-10 1.57451490641e-08 4.00643759313e-14 0.00323472081136 0.217993121981 0.198514047448
Doc #11: 1.25167068044e-31 9.25093650504e-33 4.99426966022e-30 3.31308445911e-28 2.9159676765e-32 3.86945433521e-26 1.70599356022e-27 1.61208406327e-31 2.215083378e-21 8.65339336469e-30 5.33816109657e-25 2.77344458964e-25 1.0 4.18287451987e-29 3.88292910207e-24 1.65715544169e-29 7.42581205341e-38 5.26596037446e-26 6.4938531643e-22 2.50516696035e-25
Doc #12: 7.74730189544e-12 1.74726487724e-15 0.000459953778772 1.0003717286e-12 1.05913259054e-10 0.243971859875 3.15906465572e-09 4.48985331853e-06 9.46176284549e-13 1.24852947539e-05 8.86463732556e-06 0.293050511077 0.238762012723 3.3007706567e-09 0.00189294458156 1.84945772239e-10 0.00328061136019 3.19921370033e-05 4.6262347311e-09 0.218524263295
Doc #13: 3.1167903273e-06 1.94812836776e-06 3.03532864317e-14 0.00134992689487 0.0101887521834 0.000717190744864 1.65480165652e-06 8.17356463452e-09 0.484044520025 0.0569634728352 0.0104956100566 0.391948966288 6.16419268362e-08 0.000358503900572 0.00701425424242 4.06259952038e-05 2.99926323984e-19 8.95554760365e-08 0.0368712916452 6.09750793161e-09
Doc #14: 7.25369348146e-10 1.57654355421e-18 3.65742427876e-18 9.57152883984e-09 0.0943174134157 2.17944143611e-07 2.49489598367e-10 1.1434709273e-10 1.5044996769e-09 5.57637678637e-11 2.02832249694e-11 0.0143690364695 0.763057500346 0.000290753854976 1.84224035774e-17 1.48803670822e-10 2.8105001856e-19 0.127964254001 8.11578453863e-07 1.83433022192e-19
Doc #15: 8.34271154984e-11 5.24627931794e-12 2.27277325559e-05 6.73834756738e-14 2.17968262327e-05 1.22859366002e-07 7.82012045331e-09 6.89931626713e-09 5.73872626554e-08 3.85920712678e-08 0.999955241356 8.00636198847e-11 1.25523869649e-16 1.17474167906e-15 2.31183587436e-11 1.11504043409e-17 1.68304089565e-21 2.9771576215e-10 3.73958342256e-11 5.947772432e-14
Doc #16: 8.29679027142e-06 6.10707916923e-06 2.40765591813e-12 5.3207260789e-10 1.37192622336e-09 0.00221932143137 0.000196296397419 2.22788223705e-06 2.63386676583e-05 0.0801727242171 3.25333540865e-12 0.00125885141878 0.855290540517 0.000200617457587 0.000138919901983 0.0602590741284 1.99185108952e-17 0.000167488466758 5.31937168953e-05 1.73730083315e-11
Doc #17: 3.83823577147e-19 0.233413164124 4.34921016822e-08 1.91923836076e-09 6.0159285742e-07 0.0898468781165 3.98325193005e-13 4.32490321997e-07 8.80095875107e-12 7.77886078596e-06 0.144422095475 6.20535345047e-12 0.265248344515 5.23825641664e-07 4.65800449097e-12 1.4696244546e-12 4.0924807508e-26 0.0660469781244 0.201013132094 2.5348950392e-08
Doc #18: 9.64270387042e-15 1.64315471598e-06 4.80482055181e-06 7.31540341724e-11 6.52977107387e-11 2.8382107289e-05 1.81575990545e-15 0.000121269341139 1.26169880081e-15 0.000297901284579 0.475323554716 2.59007239223e-05 0.0529940168871 0.448572778207 3.866258466e-20 1.67861707691e-15 6.92697045101e-08 0.0226296793058 2.65955501799e-11 1.66273950688e-11
Doc #19: 2.99470753301e-13 1.0253255686e-07 4.31161454821e-23 1.65225411865e-05 5.49440377797e-21 0.000343684398672 2.26438337179e-08 0.782269313026 5.93473974288e-11 1.912964365e-10 0.162407805668 1.12555249548e-07 0.0544143836229 7.87868409585e-15 1.4640044406e-09 8.61643685108e-09 1.65518427598e-15 0.000538281644722 1.72895436202e-08 9.74374603798e-06
Doc #20: 2.00965991998e-14 0.00456780387564 1.61382797939e-13 7.31472484906e-09 3.0031258754e-05 2.17405893066e-06 5.24054812826e-07 7.75926340242e-08 0.000141361303649 8.58215740308e-07 0.519084755077 0.00224702122812 0.467284824339 1.80367090482e-08 3.38994695411e-12 6.37289144406e-08 1.39202820651e-06 0.000103690494623 0.00653538686809 1.05207951645e-08
Doc #21: 3.64610736028e-08 1.31369568482e-19 2.70159093353e-11 6.72342127165e-05 2.11336399826e-10 8.49329524375e-19 2.39933509514e-08 1.2223468219e-21 0.000413096804301 0.11098300413 0.00223831388986 0.000146766969565 1.45603546464e-06 1.42150146845e-16 1.31858187379e-18 9.96231015013e-07 3.27841384086e-79 0.310705686487 0.575443384547 2.9623881331e-21
Doc #22: 1.80782565574e-07 3.07996599169e-12 0.00272565766718 0.425940193248 0.000418116133296 2.95492977314e-18 5.22898478449e-14 0.23529958386 8.41778703636e-09 3.05371126721e-07 0.335265441915 0.000350075415163 3.09071667513e-17 1.03387994684e-20 1.75708677943e-27 1.6238646375e-14 3.96480807598e-26 2.70050424249e-07 1.6477723603e-07 2.36010812355e-09
Doc #23: 1.07682014561e-29 1.46335699154e-32 4.37145974556e-30 4.36394395054e-28 1.05588069907e-32 4.67619044688e-26 6.05971012776e-27 6.90662414561e-32 1.19493841635e-21 1.39408568388e-29 8.99382385802e-25 4.57768102937e-25 1.0 2.67452160279e-30 1.2519482652e-24 3.46277758555e-29 1.69774590568e-37 8.98623838887e-25 9.66256471519e-23 7.46171511532e-26
Doc #24: 6.59575227945e-14 0.383752016225 9.89170964126e-22 8.21155037127e-13 1.17073640213e-13 8.11728973266e-06 7.28611863939e-09 6.88750686136e-06 1.24107889048e-18 0.124135382395 3.965823617e-08 0.266344121078 4.32459656494e-13 2.03915863231e-07 3.55716947005e-11 1.7774109349e-13 1.16497995485e-37 3.57979071456e-14 0.224474258707 0.00127896590068
Doc #25: 4.2664111378e-11 5.65014530148e-09 0.00208273475113 0.164525008208 0.039623303575 1.53580739367e-06 2.18009477467e-13 7.69265664824e-06 1.4289418437e-05 0.510502046326 0.0380854024527 0.0189652156687 1.71345609482e-22 4.01634754698e-12 1.41712418103e-14 1.89506066266e-13 2.71643806094e-16 1.22371795872e-09 0.226192764216 5.59272981129e-17
Doc #26: 1.71572897911e-17 3.07897504832e-19 3.60106113259e-25 6.20417599986e-18 1.71996252302e-16 1.0 1.79379097301e-16 7.21025673324e-18 6.63891799177e-15 7.60873734563e-24 1.88571088602e-14 2.30002312726e-17 7.59618691073e-24 7.7727027617e-17 2.23024263543e-18 3.06610902055e-22 3.63216296705e-48 6.23091704296e-23 2.49900852159e-18 1.18773833425e-22
Doc #27: 3.38580918901e-15 1.17489360847e-17 3.64916025748e-14 7.02136375116e-14 1.46129626695e-15 4.26581541413e-12 8.85417003138e-13 4.99628608663e-11 1.62991876711e-10 4.88487088345e-12 0.999999968317 3.01587424444e-12 3.08686536108e-27 4.28588756015e-16 7.95023437534e-17 2.47157349988e-16 2.14104466476e-19 3.08441151316e-08 6.12652389864e-10 4.15644439909e-16
Doc #28: 4.25542138419e-10 1.58483990711e-06 1.53142227186e-16 3.09963840807e-05 6.40394795613e-07 5.11479713507e-08 9.56316499235e-10 0.000110966458354 0.964796457224 0.0345104589128 2.50867993479e-06 1.21143599693e-10 0.000490421864268 1.53298749632e-09 5.07101774643e-06 1.12807517926e-09 7.91748938271e-12 6.49651527566e-10 5.08382544673e-05 2.5489040342e-17
Doc #29: 2.40365148082e-09 1.63298706576e-10 7.27031024558e-13 0.00208131483927 7.96756717516e-07 0.283227013402 0.119986572758 8.43906713549e-07 2.8316925362e-10 0.0842220039265 0.104582255174 0.141673453434 0.0516406147795 0.0493509311588 0.0627849601502 0.0847253020544 3.88548431841e-07 0.0156824987819 4.10474612736e-05 1.72974211285e-11
Doc #30: 4.34467423973e-19 2.67196585867e-16 1.90446762245e-25 6.82347604471e-17 2.88248956431e-14 0.999999999999 4.23639778547e-15 1.24995533949e-18 5.65310699034e-16 6.90392335977e-25 1.38290397073e-16 6.70108133051e-16 8.29620044994e-22 8.23859040991e-15 8.0933836358e-19 2.01216214902e-16 3.87106176642e-48 5.77223300929e-19 5.67559729456e-13 4.58292476144e-22
Doc #31: 1.88387383195e-15 9.20251028826e-21 5.70878951548e-09 1.43169442106e-11 4.67346088377e-05 1.08917520937e-14 9.10966845282e-16 6.6797270761e-11 6.01207540799e-10 1.21561764161e-13 0.17006369599 5.16525700407e-09 3.23175871111e-15 8.85603976086e-14 3.45119868642e-15 2.126263887e-14 6.15238832848e-20 0.829889227329 3.30515895207e-07 3.91879863853e-23
Doc #32: 1.65165157349e-22 1.33590406619e-16 1.57347937846e-17 8.20904988613e-16 1.26065886289e-14 6.1469140423e-11 1.36458510552e-14 2.19868553608e-13 2.83650505011e-09 1.16696475048e-12 2.33619721227e-09 7.41056506025e-18 1.30464052766e-18 0.104243252514 4.88169658432e-13 3.09152376118e-17 3.63519145918e-25 1.30326665068e-14 0.89575674225 1.05098991879e-14
Doc #33: 1.82500991927e-13 1.93028272805e-06 1.40771063686e-13 0.317021331843 6.97656504752e-10 0.0294930375166 0.000245823788867 4.45176573656e-06 3.65204521487e-06 0.0814620324746 0.0068704229764 6.45667925516e-07 8.9271278453e-10 4.80855125751e-07 0.409863142105 2.76621147586e-08 1.93531184822e-14 2.42423595717e-05 0.155008777067 2.31529204453e-15
Doc #34: 1.67069137504e-09 2.36763740905e-08 1.93283511e-07 1.05896334301e-12 0.178098451289 0.199935075879 3.59119912034e-08 1.23068821979e-05 8.3923218637e-11 9.97319311654e-10 0.298559186567 6.65158283169e-06 0.0134924988169 6.80081793717e-07 1.75777611226e-06 8.33235959981e-06 2.08746014205e-15 0.286190919338 0.0236937768849 1.06917676882e-07
Doc #35: 4.88416539609e-09 3.99166930566e-08 6.57023329735e-10 2.65099492521e-11 2.66251130811e-06 1.56308492012e-05 8.95365741091e-12 1.62194563589e-13 2.04541768864e-16 1.35132260082e-14 1.63542445028e-06 0.496068190022 1.29802239198e-15 0.503911818475 8.15489635896e-28 7.07672665914e-11 8.44974670199e-25 1.65742136964e-08 2.53466436665e-22 5.79557975738e-10
Doc #36: 0.999969704766 3.21790532068e-12 1.94659513388e-13 2.77695667656e-05 2.90892199581e-12 1.34434153946e-09 1.62459321258e-10 6.69056822171e-10 2.41362069141e-10 1.40199962729e-14 4.03414660458e-12 3.95387871016e-07 2.76969335137e-21 5.51605252291e-16 2.0973838438e-08 4.01848194752e-08 8.00342596907e-23 2.06669288874e-06 3.03696426523e-14 9.60618753731e-16
Doc #37: 2.58458262519e-06 0.139509286233 1.78978155523e-08 0.00739595357875 7.16273452248e-14 2.01977376754e-08 1.13731797779e-05 0.199353819979 8.9900548796e-05 2.45469228092e-05 0.00928228891962 4.80142210539e-09 0.343851725259 2.86959511656e-06 2.73962781147e-08 1.84527911565e-06 7.34122134279e-19 0.0464771546291 0.253996580997 3.43225613878e-12
Doc #38: 0.0474285515836 6.79632804877e-08 1.92675586879e-10 0.239725351948 8.1324055915e-05 4.32784377935e-06 5.5723372419e-06 5.14148079941e-07 0.0318432024703 3.25827063407e-13 5.06006293328e-06 0.680773702487 2.11391560137e-06 9.17676031983e-07 1.63605830124e-08 3.61693199761e-05 1.0423415239e-13 1.61819904033e-05 7.69256438767e-05 3.56014987756e-13
Doc #39: 5.96634737392e-08 2.08337187307e-10 0.00193306688867 2.54620808032e-23 1.16097130197e-10 0.860947642744 8.12234045773e-09 1.34761200224e-16 0.000128081352341 0.000882912894062 0.136108139273 5.89108796606e-09 1.52415735725e-25 4.19701291097e-13 1.46712933284e-09 5.20820113477e-11 1.21754121023e-25 2.48580845867e-10 8.10778688457e-08 1.74063101982e-16
Doc #40: 4.36385512621e-09 2.03206622731e-13 6.95058434892e-13 5.11060237886e-09 1.0456431693e-11 2.43190468258e-09 4.83558770559e-08 8.36241214877e-10 1.43814493841e-10 4.67289076026e-08 6.44673776328e-13 0.999996710304 3.18090385806e-06 2.25484952118e-13 1.18804781759e-12 1.83828860908e-12 4.39128271114e-27 8.05244699809e-10 9.27853715749e-13 9.93380619931e-18
Doc #41: 3.99656946285e-12 1.14646736683e-07 3.65199917781e-18 0.360938103769 3.88560045106e-11 1.69538181767e-09 6.0016046456e-14 0.24906506679 0.110031622074 0.038179812152 0.136912389533 8.57283209302e-09 0.104867158856 1.04394818413e-10 1.06081237371e-08 2.34587835542e-07 7.68647111091e-13 5.47525977862e-06 1.30802150426e-09 2.6574508168e-15
Doc #42: 1.09229161325e-07 1.92548155731e-11 1.64469813655e-17 0.152025583606 0.845172381758 3.25428432723e-11 1.13438165601e-08 2.52323582169e-10 7.33890841059e-10 2.2761362709e-12 1.2023450752e-10 7.47196204034e-05 1.13542998968e-16 6.94402746136e-14 9.32793804874e-11 9.34582878252e-07 2.06850730541e-10 7.88623412437e-11 0.00272625832028 2.09862732859e-20
Doc #43: 0.200152386042 1.21419174446e-09 2.89450776305e-07 0.29993605827 0.0016336866247 0.0170658009072 4.75105520556e-08 0.00271356365848 3.25751750371e-10 2.80203869689e-10 0.333670992208 6.75835973347e-05 0.0381359305194 1.40900927378e-09 9.65415146878e-16 2.0344873066e-08 6.10992491098e-23 1.5845763408e-05 0.106607791866 7.26548547579e-12
Doc #44: 4.98716853925e-08 0.0221056334915 2.45453217182e-07 4.63153422561e-09 1.17847193571e-08 2.17386618421e-09 7.63778653344e-08 2.2119842355e-09 2.1668442024e-07 5.40483412258e-06 2.66794102644e-07 0.977886662585 2.86827542801e-08 1.43785623085e-09 1.36446483771e-10 2.21991908983e-11 1.1335209315e-25 6.94385841505e-07 3.93146663805e-15 6.98441177378e-07
Doc #45: 4.70244324334e-12 0.0447068925922 0.000783795699056 0.142712978806 0.00429068607385 1.05186644293e-07 9.51317550295e-09 0.189494427612 6.27895672185e-13 5.402225448e-11 0.0607315405326 0.415299630388 2.76034565249e-05 1.17528203023e-10 7.39165982383e-05 0.000480529753494 0.000896354561487 2.75147021604e-07 0.140501253904 3.34321694709e-16
Doc #46: 2.16368616788e-11 6.10478083402e-12 6.06280070798e-12 4.46762841325e-16 5.03881510325e-09 4.53531464466e-13 7.33194139961e-11 0.999999970122 6.9223390575e-09 1.29865434101e-09 1.71690850465e-12 1.39260780948e-10 1.1169396536e-14 1.02623488869e-09 2.02432628692e-14 3.29986634914e-13 1.62516469633e-17 3.36525791156e-10 1.50060690335e-08 1.20815826317e-14
Doc #47: 1.05844760712e-07 1.67605342722e-06 0.0624809185098 0.823994322019 5.39523613655e-11 7.53864584495e-05 4.80344806756e-10 1.12491192367e-09 1.26542579896e-07 2.23206448538e-08 0.000393730430497 1.18060961552e-12 9.5651926264e-11 1.09621194716e-13 1.14320984341e-08 0.113044391317 9.74853619178e-19 3.46304788581e-11 9.30728040085e-06 3.45592399468e-20
Doc #48: 0.230288781824 1.10270229246e-09 0.0106450799647 0.122197927669 1.84419216408e-13 0.00373203933283 6.02546849733e-07 1.06666279972e-10 4.85222216404e-06 0.0079594841346 2.54876495771e-18 0.00137240834473 0.252685309891 2.55173611637e-10 5.66434553935e-07 5.43991521911e-09 0.0386405847522 0.332371700458 3.94212776004e-08 0.000100616098708
Doc #49: 0.0320188396186 0.000109038407719 8.69674823249e-07 0.0728327536152 9.04279978387e-12 2.8233599417e-08 1.94519242475e-06 0.000525997170179 3.07267416036e-09 0.00188903921418 0.392832894642 7.06592674225e-07 1.15677774424e-06 8.49037841233e-15 0.499173288706 1.19924227983e-07 1.15258692505e-23 1.80513107982e-13 0.000611260474202 2.0586742481e-06
Doc #50: 1.17356614904e-11 1.07792374112e-09 4.12610522891e-21 2.92059490887e-08 2.13203531601e-09 5.17375292383e-10 1.46550126871e-17 1.29002892689e-08 2.82965857696e-11 1.12778872163e-12 4.34776407033e-06 0.336880303228 0.00781714246871 0.655298014538 1.92741230403e-19 1.07827321976e-09 1.75403187335e-30 1.30877661118e-17 7.60870142235e-08 6.8960433408e-08
Doc #51: 0.238945075596 3.49214251329e-18 8.88579809642e-15 1.49660902512e-11 7.41713660832e-17 6.15515978684e-19 7.56276012134e-24 9.69100809145e-10 8.5820311338e-23 0.761054777011 1.75857215958e-15 2.1064337981e-18 5.81441913612e-20 1.24975085913e-09 1.45156658294e-07 4.32665187249e-20 4.75537177355e-46 2.15980829669e-12 1.8659334428e-26 1.74834018122e-20
Doc #52: 0.00358405234154 0.168399943671 4.49602738984e-16 0.00152850831925 1.94021714503e-14 3.1970126295e-35 4.98771194555e-28 1.62281471498e-05 1.9503611652e-16 0.40351943548 1.14239451077e-12 3.16399454531e-08 2.27554523011e-66 3.59155625581e-23 6.04199753571e-05 4.98726125561e-08 1.14436403274e-27 0.422891330552 1.8269846667e-29 1.33657275024e-15
Doc #53: 4.67933738969e-11 2.11805718812e-10 9.47521557464e-16 4.95546153114e-05 7.7736669858e-15 1.90066228198e-10 4.82246982739e-06 0.999869947848 1.36414183362e-08 2.10678318618e-09 2.49942255533e-06 5.26806377757e-09 7.30228158601e-05 9.19094924998e-10 2.9582140731e-12 7.31358020711e-09 3.09130667364e-16 1.23066931316e-07 6.11558138008e-11 2.03313349037e-13
Doc #54: 3.65190825652e-06 2.66141127033e-18 4.70752244445e-16 3.02938098933e-20 2.61080629067e-16 2.8432096052e-07 4.00253309367e-08 7.97974575117e-13 2.96486759432e-12 5.18483847215e-16 3.11448110924e-11 0.999996022814 1.65100098425e-11 1.20897743691e-17 3.43852835058e-11 2.66147086591e-16 3.27252829472e-38 6.81122727075e-10 1.64892831137e-10 4.45573195434e-22
Doc #55: 6.11495988797e-05 8.87797306462e-12 1.7623878265e-06 0.997652929856 5.07473746147e-12 1.1568952924e-08 1.54803569213e-10 0.00225659271498 1.88176912994e-05 4.5052195242e-07 8.22771198586e-06 3.17853799169e-11 1.45962457173e-21 9.99460988416e-12 3.95369659086e-08 1.23721888256e-08 3.04673535427e-21 5.77258996909e-09 5.3710112038e-12 5.04074658477e-11
Doc #56: 6.64903229691e-20 9.05127735561e-44 6.44311758164e-17 4.47350746692e-15 6.68835244107e-26 3.24722204132e-25 1.40479649232e-20 2.6066615482e-23 6.70030097923e-22 0.999840852028 0.000159133051138 1.09773866022e-10 1.74017895559e-09 4.13877426722e-22 1.3035782621e-08 4.20544534333e-17 6.06022862112e-26 3.01831896208e-15 3.51591730025e-11 5.67694753066e-18
Doc #57: 1.02426156345e-10 1.29411786217e-13 3.21678841707e-09 0.24907575272 4.46912479507e-16 7.59143644234e-08 4.63432310854e-14 3.5364696882e-06 7.02504224468e-18 0.491218594243 0.25935313897 1.53728819026e-11 3.05430746812e-13 4.67117580395e-05 0.00028992478337 8.15306148961e-13 1.68105994995e-07 2.87128615976e-10 1.20934100788e-05 2.67630979644e-12
Doc #58: 6.56259233248e-10 6.53195257874e-11 0.0232219818 1.96796824284e-09 4.98167713759e-09 1.5741315838e-11 5.00009384601e-07 0.0301408798511 2.80554347579e-09 0.944396054263 0.000835801264811 6.35716787481e-05 1.10194663059e-17 5.47674291298e-12 1.89501001276e-11 1.17705753179e-11 8.55097754337e-27 1.52489405439e-05 0.00132595166394 4.15782292263e-16
Doc #59: 3.91465585489e-11 1.94238918344e-11 1.78003650638e-09 0.990082591733 4.36158422621e-08 1.25716086416e-10 3.35891119314e-09 2.96221756725e-11 0.00897713127522 1.05407781251e-11 0.000940138989452 8.62648216412e-08 1.40442742432e-14 3.84045184705e-10 3.11471482306e-16 4.33839654979e-14 9.01189593115e-16 2.37351501766e-09 4.45591049627e-13 3.69904350417e-19
Doc #60: 3.86271631848e-10 6.15135711041e-20 2.6249069555e-06 0.18085430027 7.08831245512e-22 1.31674752109e-09 1.31088236766e-13 1.4551223895e-07 6.45681004801e-16 0.311024776072 5.66027133035e-20 0.338232957642 1.29713841609e-09 0.0473713997344 1.38669144744e-06 2.17671524386e-08 4.54698586191e-28 5.25830596957e-06 2.35466454445e-08 0.122507102551
Doc #61: 6.3483086239e-15 3.52503777919e-16 2.24038167689e-16 6.25090554771e-12 9.22139098022e-15 9.30638914938e-17 2.27789805559e-14 7.31731068266e-16 2.88502836149e-14 5.28836241879e-16 0.0115842154453 0.988267052958 4.90028602434e-15 1.48160858739e-16 6.64867647009e-10 1.07147569388e-25 5.51624900776e-19 2.66101525868e-09 0.000148728264678 9.20801197613e-16
Doc #62: 4.74653917812e-10 1.43213267319e-08 1.54622163765e-07 8.20155751353e-08 3.33120296798e-09 1.43390814207e-05 1.17155233194e-10 1.56016541419e-06 0.00229750908441 1.12111566871e-09 0.997634542611 2.76761015733e-05 8.28089670006e-12 3.24905986188e-09 5.95757037327e-11 7.53793151752e-08 1.23051258518e-16 2.40278523361e-05 1.04046330933e-08 2.17827996967e-13
Doc #63: 1.03057930765e-11 6.47002987272e-13 2.70416844804e-18 5.51858678563e-10 5.48224199912e-12 5.82261426701e-16 1.22628303162e-08 9.81867673552e-11 5.74822224321e-10 7.28211969598e-12 0.999999800063 3.74793445928e-14 6.48819752307e-11 1.62634523212e-12 2.01141209731e-16 3.34448846009e-14 7.17893859201e-19 1.81359088958e-07 4.99980252601e-09 4.24934854554e-15
Doc #64: 0.000223628452482 0.0318216559098 2.69339775102e-09 3.10858860898e-05 1.76846587568e-10 9.99380586564e-10 1.16368123234e-10 0.175355209854 3.3070450193e-05 8.28458203642e-11 0.78384517547 1.50048069056e-05 1.84684987815e-13 2.70239524451e-10 8.60922724301e-10 4.60283057593e-10 1.20054046715e-18 1.58878950992e-09 0.00867516175665 1.6473091456e-10
Doc #65: 1.87749914137e-18 1.92778354068e-13 1.26282561118e-09 0.035956079565 2.04542503924e-08 1.3039061071e-14 0.042275070413 8.58609782845e-13 2.7728544777e-19 0.103213483077 0.28127266331 3.0085362386e-10 0.277064189291 0.00162952186523 0.0688307151726 0.0700395140353 9.59136761779e-14 3.04882868953e-05 0.0100250271205 0.109663225844
Doc #66: 5.90100975688e-19 1.55972471114e-17 2.10793273345e-13 6.83937517787e-12 4.80443977399e-11 7.4611676055e-08 3.7515018202e-10 6.65080391414e-12 3.44535066876e-15 9.86706842975e-07 0.56128317164 0.138540745302 0.143944790762 2.09308719072e-19 0.0563022773701 2.61194252667e-16 5.88015930776e-21 0.0999279464767 6.69283320348e-09 3.86151162313e-13
Doc #67: 1.51276268229e-15 1.11912965633e-22 2.93420838822e-26 0.999978666451 7.40810434618e-26 2.50421809518e-19 1.41874659942e-22 2.12332194382e-05 6.84342012159e-26 3.43882753582e-18 1.08838217439e-08 1.67593592829e-10 3.19069864252e-11 1.32340979286e-18 4.41210336844e-22 3.02218043413e-22 1.12457486344e-27 8.92457368004e-08 1.07294708583e-14 3.46678628991e-17
Doc #68: 7.63535496463e-16 1.9287824845e-22 2.00497781849e-27 0.999978673877 1.00359296456e-25 3.02139051379e-18 1.38704905775e-22 2.12331028971e-05 2.45212382118e-25 4.66672409963e-18 3.05944143121e-09 6.9642945991e-10 2.06966009643e-11 1.72203556468e-18 2.57292547366e-22 9.04788018319e-22 1.54996799007e-27 8.92439093776e-08 1.24908218335e-14 3.75659350354e-17
Doc #69: 8.34962906054e-10 1.92688055709e-12 6.21927282471e-08 5.91079886028e-09 9.81653640909e-05 8.03160032124e-12 8.03255155016e-07 4.07680520073e-12 0.0512339191574 6.33826312386e-10 0.942422507508 8.69710665498e-06 0.001881094191 0.00101543273324 1.71467202671e-07 2.11747551953e-13 2.24235348258e-22 0.00333911699202 2.26283658825e-08 1.06580716907e-11
Doc #70: 0.0 0.0 0.0 0.0 0.0 0.0 0.0 0.0 0.0 0.0 0.0 0.0 0.0 0.0 0.0 0.0 0.0 0.0 0.0 0.0
Doc #71: 2.68269417307e-23 4.72073095867e-23 5.35486663753e-16 0.448088001215 1.11346795362e-08 1.58331126908e-11 1.10667457895e-12 1.38189199403e-15 1.10401709636e-08 2.11019199336e-23 0.196946188183 0.209846107466 0.145116881013 3.73438833682e-07 5.91104803237e-28 6.23808126625e-17 1.66523932194e-16 2.42475128569e-06 4.31861993074e-10 1.30958061113e-09
Doc #72: 1.34754667909e-10 1.82576865953e-07 1.94745192056e-13 4.4152714189e-10 4.0909535225e-12 6.25459563932e-08 1.0540982513e-10 2.43933570733e-10 4.79712375457e-09 4.39103770905e-08 0.927759037039 2.66087682922e-10 2.37595368145e-05 1.19065855674e-10 7.86173209023e-09 1.26307962053e-09 4.98194767678e-26 1.62930398502e-07 0.0721916920933 2.50441300968e-05
Doc #73: 1.16910115226e-14 5.05409766494e-08 0.216179090742 0.133472546267 3.89893846796e-22 1.19806680761e-22 3.51751552835e-10 1.91584887174e-12 4.92558116777e-37 4.96431174642e-09 1.68865216711e-20 2.94532678114e-07 0.4171817414 1.42880939946e-20 3.66155751382e-15 8.0817158049e-19 5.23058652032e-31 0.127324404933 2.33295846119e-05 0.105818536682
Doc #74: 2.6262251556e-35 3.58144306816e-12 1.62088008734e-36 1.05772865039e-30 7.06787463432e-44 2.72579481972e-19 6.30469464052e-32 3.28461559276e-21 2.6156270243e-29 1.25289716301e-19 1.54612293983e-12 8.87828978094e-18 0.154764806087 0.845187339123 6.11252644094e-22 5.29730195944e-28 7.57668713568e-29 8.80335187754e-14 4.78547857495e-05 1.65613026705e-15
Doc #75: 1.34320716602e-19 1.22291352182e-11 8.02298871708e-12 0.177339180161 3.64368014879e-09 5.31720222837e-10 0.0951568540429 0.195469742256 8.65107718258e-13 2.40619933348e-07 9.36697809593e-18 8.2979139357e-05 0.274562607625 2.22701147844e-12 0.000735838929761 2.88193331654e-11 3.97020353049e-23 0.155889241941 1.20573900699e-11 0.100763311045
Doc #76: 5.24714626734e-24 2.56150840424e-12 6.66675503004e-09 1.22853221809e-23 0.29602990143 4.75491716157e-11 6.82986392247e-12 2.31297633558e-14 2.77463530058e-07 5.23496386217e-14 4.03933672113e-05 0.00034776559271 6.6062322867e-09 0.0317249620671 1.21196125826e-10 0.596097458212 5.44673658991e-20 7.94788436154e-14 0.0757592284163 5.53625318165e-13
Doc #77: 3.41694242353e-08 1.91381770122e-07 2.23518645144e-17 4.10292653681e-12 1.09793812866e-23 3.64056414858e-07 9.78864230897e-16 4.34542118062e-12 3.08038409442e-09 4.00996658105e-11 4.07443204879e-14 1.39805180707e-12 1.33192822106e-16 0.999997165665 1.89506672253e-13 4.73431897394e-15 6.09126139227e-17 3.34299189563e-15 1.31614477021e-07 2.10998260258e-06
Doc #78: 1.51004228923e-07 2.88197800106e-12 1.12455815419e-09 0.219960695702 1.91796921826e-05 2.98737203939e-05 1.3114935085e-07 4.74851808287e-06 1.57435489877e-09 1.23591423117e-06 2.80570205592e-05 0.417341262376 5.19559654249e-13 0.276675120266 2.9692463606e-07 8.82730104503e-09 1.56320929688e-17 8.05559148451e-06 4.05108114394e-14 0.0859311805911
Doc #79: 1.74702749343e-10 1.05735302977e-161 7.39375311287e-33 2.69387554292e-269 4.08269377681e-17 2.71565696103e-95 0.999999996144 4.18663774116e-16 4.18201878577e-20 2.45899648496e-12 5.3616746282e-11 3.44059996884e-116 4.47055942065e-81 4.8206811855e-21 3.03753901175e-22 2.01597509913e-16 1.89751166281e-200 7.00952644336e-183 3.62530987805e-09 1.45269264571e-34
Doc #80: 3.26818074216e-05 1.59495010747e-16 1.01158513758e-05 1.07043835091e-12 7.20202108657e-12 6.27282419107e-05 6.76322078557e-10 0.0421777271619 1.41295620374e-17 0.00496890492078 9.3035440092e-27 0.951503498543 7.89906272594e-07 4.87754032048e-18 1.15902786722e-05 1.94148375368e-19 1.71400148119e-32 1.86506909838e-08 7.80767477985e-12 0.00123194394508
Doc #81: 1.8379314242e-09 1.13230453049e-09 6.97576840797e-11 5.79634545199e-11 0.000311513857419 1.01876356305e-05 0.000116253173525 0.153752715167 7.1694840511e-10 5.80373689141e-08 1.10774654735e-22 0.716831847125 1.28750484001e-07 2.91442712324e-13 0.128847706342 2.0970072458e-21 2.20902464642e-37 9.5773367461e-13 0.000129101405234 4.84690164449e-07
Doc #82: 3.21262562924e-13 6.31422672317e-16 7.501790044e-18 1.61132762801e-15 4.76329846644e-16 9.39613139194e-17 5.36582415213e-05 7.78535187239e-14 6.24765957598e-16 2.77477333758e-13 2.18136711237e-09 2.4796295824e-08 6.2443210796e-11 1.04387491307e-13 1.16594198865e-09 1.87905712549e-13 5.04503593178e-28 0.99994631355 2.15140881014e-18 1.78133303954e-12
Doc #83: 0.503744439395 1.49136785894e-13 5.03749212272e-15 0.00614966325638 1.4698885757e-12 1.67903833782e-17 6.17257812692e-20 1.53063784496e-17 3.0150373231e-26 1.75915233178e-15 1.42079183676e-16 1.3398742757e-29 7.20672402622e-26 0.490105897347 1.62000659546e-19 7.26551013857e-30 7.45302320534e-25 2.47274190454e-16 2.95076144917e-25 2.97959008648e-40
Doc #84: 3.77121077757e-08 1.16211583749e-17 1.29110206042e-18 1.87557645168e-10 1.88819949087e-11 1.57714420198e-14 3.06558881457e-08 8.92989004596e-18 1.31369560244e-18 3.90397751749e-10 7.70969859748e-12 7.4080876467e-11 1.70720291654e-13 8.47752367138e-12 9.38255999772e-07 2.06570565866e-10 8.76157813213e-11 1.96016430034e-16 0.999998992168 2.2686452015e-10
Doc #85: 6.53634120767e-06 3.33510649538e-16 3.86290225153e-14 0.128145776031 5.57714717605e-08 5.68932704624e-07 2.50515968262e-05 2.32823413867e-07 1.02965599189e-08 8.16958671518e-09 1.0846239475e-09 5.157794401e-09 1.05638428489e-13 0.00101303853449 0.486997741774 6.08092373343e-08 1.39637776525e-23 4.21662875335e-09 0.383810908417 4.25420041467e-11
Doc #86: 0.17955030544 1.88115856467e-23 8.39017554404e-18 8.56672918665e-25 5.21532083103e-23 0.124487529303 3.67092176019e-08 5.52492007501e-11 4.13138801848e-17 1.24529870612e-10 2.05710753301e-32 3.96300423084e-09 0.186808375856 0.506068277527 0.000223062516582 4.51912936826e-07 2.37533022161e-25 9.06390150554e-08 1.24535437642e-12 0.002861865952
Doc #87: 1.99059112176e-12 2.34641191877e-12 1.29506245957e-12 7.09566948844e-15 8.08469644108e-13 2.60177046967e-12 4.78205487642e-17 1.73300158321e-11 6.27049462066e-14 6.88543996305e-18 9.20540565544e-11 3.57543992778e-16 2.67447235004e-13 0.999999986064 6.27526160773e-11 1.85357870668e-14 1.07291970631e-13 2.38675622093e-13 9.83864228456e-12 1.37441192474e-08
Doc #88: 1.00380701268e-06 1.45357369823e-19 0.151812342031 1.17591469866e-17 1.42271621711e-119 2.05678331205e-15 1.04030083493e-30 2.16899118907e-25 2.67543837159e-10 4.31958722102e-15 0.734669109349 1.53052173685e-07 4.97374060082e-42 3.85391120275e-08 6.81909469939e-17 4.17004442435e-18 0.113517352942 4.03095484797e-14 1.16683628426e-11 3.7615713373e-23
Doc #89: 0.733668879807 0.000814524791234 0.0151658102828 0.000147445798027 8.51600105711e-08 4.78135845425e-13 6.41747377533e-17 2.20737167603e-10 3.56417123976e-24 2.1324128761e-11 9.34826274103e-11 1.79009916307e-12 5.87576071907e-15 0.250203253777 3.3029633536e-18 1.75566736844e-23 4.5907555609e-11 1.91566817847e-16 3.91892534106e-13 6.9328373719e-18
Doc #90: 0.00228012517161 6.9539591789e-15 5.09146368048e-14 0.0957613974738 5.89102363293e-11 0.000621088747808 8.49329673628e-14 7.5495809619e-05 0.000120915063318 4.86011927518e-08 2.907800842e-20 3.61311846309e-06 0.000273202389792 1.26691970777e-12 0.0619245867997 1.18849760104e-18 2.29401377913e-07 9.73573895389e-11 0.838925778608 1.35186579637e-05
Doc #91: 1.3310927459e-15 1.8533320181e-17 0.999999999988 8.63588288269e-12 2.52005337576e-16 5.83641464367e-19 2.73894614791e-12 1.17354526883e-14 9.21385484947e-14 2.07974292291e-15 1.59010873396e-21 1.80400053738e-16 8.55354690875e-21 4.32474652615e-18 1.77422884605e-14 1.19235435465e-15 2.31995088978e-25 1.99381774858e-13 5.70551020589e-15 1.77816575753e-13
Doc #92: 0.281561418405 3.3481138543e-11 3.61227856236e-09 0.0311901507702 3.34058521496e-08 7.54926712716e-12 8.31583967303e-10 6.03031818385e-13 7.1395802409e-05 8.70589527101e-10 2.46520132848e-15 0.000633330230717 4.53610438435e-13 1.08935227561e-15 0.686462259635 4.42996952035e-08 6.21190254083e-12 1.59807066192e-08 8.11077297913e-05 2.38377122696e-07
Doc #93: 0.998762130325 7.18218544519e-14 0.000217562191746 0.00101721743628 1.13401138709e-18 3.07681577542e-06 3.93813623485e-12 7.62567228613e-12 2.60217669117e-11 3.70827448429e-15 8.53841981136e-11 2.24940759605e-09 1.46259434957e-13 2.80621157512e-14 1.78537989145e-19 1.08581474404e-08 3.23115744242e-16 4.30546884347e-13 4.28182684264e-15 2.83912177312e-16
Doc #94: 2.99495913471e-13 3.32215271673e-10 0.539601083166 0.0156737892276 5.33986858533e-14 0.444715081855 3.89276941084e-11 8.57035498171e-13 1.78858615382e-06 7.33311975015e-06 2.78529085477e-07 2.48689903159e-09 2.25188867926e-11 5.34754000759e-09 3.94918315435e-10 5.27586270812e-09 9.14190548342e-16 1.89641019446e-07 2.60442619824e-13 4.41975284343e-07
Doc #95: 0.000123315657673 5.77191737647e-10 0.0137586109012 0.00268908350284 5.18348277967e-05 5.75057898147e-09 1.14570486454e-06 1.28113148945e-07 2.61878199338e-06 0.000656330752046 2.12744411391e-07 3.48748427277e-10 8.33196197302e-17 0.982712365447 1.42411018737e-08 1.05662322083e-06 4.21616104021e-13 3.14374473693e-06 1.281701e-07 4.11092985743e-09
Doc #96: 1.56360104861e-11 2.46984698157e-16 7.89076178852e-07 1.16148848386e-06 7.17475594629e-15 3.11392381978e-11 0.403700874084 3.59804343669e-06 0.251138022081 8.42233925911e-13 4.81363608725e-08 9.92899734233e-06 1.84268301498e-13 0.243344238005 8.71234297107e-08 3.31186580782e-11 0.100553638708 1.30488245288e-06 0.00124630929296 3.68744539902e-13
Doc #97: 3.20517065459e-13 1.02326448765e-12 0.008820373966 0.461138618803 3.69287451025e-13 2.26458212829e-09 0.0148182375263 8.56823514304e-13 2.09394611093e-17 6.35952346938e-10 2.95781127471e-14 5.90957040951e-12 2.06483685054e-24 3.13662496131e-16 3.23637506133e-18 8.2139167548e-16 0.515222766794 8.07100112543e-13 2.21141393753e-15 2.95349220404e-18
Doc #98: 0.194326538566 1.16078790417e-41 0.622380034447 9.77862073929e-19 2.94624830336e-34 3.61035653581e-70 3.34463081658e-71 5.96806156261e-122 1.51966949755e-15 1.84759154384e-16 8.04899119907e-31 1.108755725e-20 1.27305504379e-205 0.17240847013 3.77679443384e-22 1.40143222159e-06 0.0108835554244 3.84628632269e-17 2.13629544237e-57 1.22487282365e-20
Doc #99: 5.96033295131e-08 2.12069904201e-22 0.904083947048 8.13716247344e-15 4.01961756667e-22 7.85317550927e-07 2.7636825218e-10 9.11518581191e-08 1.38516741248e-14 8.17639351932e-16 0.0959148722672 2.22997522224e-07 9.21195188377e-24 6.7235309258e-13 6.79009295605e-13 2.13368737815e-08 7.26172115806e-36 7.36405872938e-15 1.24821637928e-19 2.26479967886e-14
Doc #100: 1.3635792289e-05 0.0180212035018 4.10220827253e-06 0.781063207161 1.21749070827e-11 3.88030268628e-05 7.18188425433e-06 9.54808730236e-09 9.5624876349e-08 3.11147440693e-08 0.0550151642002 0.133747132207 1.14615718583e-05 9.84112374909e-08 1.2370807524e-06 0.0120713860837 1.2077472197e-13 7.59384384741e-08 5.17463193265e-06 7.96025829159e-14
Doc #101: 0.121032375762 0.253825642732 9.37261866415e-17 6.56989072845e-12 0.00526418224019 3.02970591388e-07 4.64194047594e-07 5.92622966993e-12 0.00013092398359 0.149203106149 4.1705563482e-16 2.30794965733e-05 4.25209315001e-13 2.46375279922e-12 1.55217129797e-05 0.00583290209889 0.0482914520375 0.416380010096 3.65110550033e-08 3.40139423077e-13
Doc #102: 7.91210108435e-12 1.66058294943e-08 0.0482268222395 0.136400887417 3.93482021217e-05 1.06136673016e-11 3.48873708341e-08 1.4084437571e-10 4.11906794575e-10 7.4905973952e-14 3.26882945874e-12 2.93773573956e-12 5.6884538358e-27 5.29103499366e-15 8.89031977949e-11 1.70589763253e-12 0.815323812164 9.07781460355e-06 8.65367219889e-14 6.09378046653e-13
Doc #103: 0.0219565858532 1.23098857264e-11 2.02053702892e-05 0.156429798586 2.90692986412e-16 0.81543402357 1.71779651136e-09 5.19012604079e-19 6.2733956502e-09 1.41406022146e-17 0.00615914114179 5.47752764993e-09 1.25710071521e-15 2.30854646414e-15 3.87552791377e-09 1.89710990665e-12 2.37658119182e-08 9.58117824031e-12 2.68785700204e-16 2.04344275114e-07
Doc #104: 0.00246252416664 0.0080584544882 0.000205080085507 1.13148912964e-10 6.01041741185e-12 0.0505653225719 1.93777927892e-24 2.52426411288e-12 0.535026146964 2.3094850633e-07 2.51924996002e-05 0.264585720401 0.000464330308059 4.07091901829e-10 2.77931392553e-10 0.137608997753 8.85648346149e-29 1.09600225804e-07 0.000997889391469 1.50201179814e-11
Doc #105: 1.10147192627e-06 2.68655952687e-13 4.74391708898e-05 0.0863969367953 1.3521155912e-09 0.000469018857481 4.61747278512e-13 4.98346346157e-13 3.28332300871e-09 8.07069234755e-09 0.817719806915 1.24712712822e-12 6.38546578837e-16 1.54741088074e-14 0.0953656732737 1.04127902914e-08 5.1435795817e-19 3.87209865011e-10 1.01850415729e-13 6.63173482704e-12
Doc #106: 9.40107940873e-06 1.02663753424e-09 0.981611450067 2.45761428899e-06 4.27135074649e-12 0.0139800849899 1.12688382596e-13 1.14689057721e-12 1.88174292869e-09 6.01373652636e-09 1.14724620763e-08 1.51615539463e-07 4.11290449606e-17 2.08447429132e-14 4.04459064849e-12 0.00439643412641 1.00211034783e-10 1.10705621261e-12 3.09351266231e-13 1.83466198619e-12
Doc #107: 1.28779182137e-12 7.01901322999e-13 2.47036636339e-12 1.09115517174e-11 0.0335029830343 1.38516054379e-07 0.0276011862948 1.05786409822e-16 1.35125387923e-05 1.58486759649e-10 2.58229582945e-06 2.810521578e-05 2.62495601324e-09 9.34541409065e-07 8.61136855266e-12 2.13781985837e-16 6.64095571008e-17 2.94130999519e-05 0.616362621662 0.322458519994
Doc #108: 0.516048241881 1.93509111313e-06 1.17492922409e-10 1.63645841785e-05 1.37013345149e-17 4.50574284524e-12 6.09401457061e-14 1.55267489341e-15 5.19943743942e-11 1.447217633e-09 7.1183184166e-09 2.35869829822e-18 3.51508028713e-14 6.28981734049e-15 2.30261811995e-10 0.483933449453 1.46998880946e-17 1.37591876008e-15 1.76332247461e-11 3.07579042431e-12
Doc #109: 9.57463004905e-08 1.9822028535e-07 0.387153549277 1.00246634587e-10 8.3852376983e-09 1.85809930016e-05 1.56492630112e-05 4.6032987862e-13 1.77704452676e-13 1.50048119518e-06 4.72889124246e-06 7.63804689058e-11 5.44586481582e-06 0.34938281163 7.87978460104e-08 7.43548352269e-10 3.89308680661e-20 0.00127479263296 0.262056539482 8.60194141632e-05
Doc #110: 6.20637056482e-14 2.71682510638e-12 0.0351121721371 0.00530516633347 4.28632939699e-12 1.41211820793e-12 2.00657427449e-08 1.76270032533e-11 2.82849014577e-08 0.942088504915 4.73185380744e-13 2.71494885262e-15 2.52039040707e-18 2.91030156653e-18 1.56801528456e-09 3.89072344554e-10 0.0174907081609 1.46703112096e-10 3.39791972882e-06 5.23358858822e-11
Doc #111: 2.22197944852e-13 1.98792050958e-14 1.88325412483e-09 0.999997654527 4.41554094817e-17 1.78713318477e-13 1.16031325995e-11 6.84185615198e-09 1.26848145803e-16 8.42530330684e-11 1.93017071743e-13 2.65869066442e-11 2.65125689282e-24 3.32075523089e-13 3.63564508382e-13 2.31971637668e-06 1.71238907925e-13 1.69065003516e-08 1.69492733513e-16 8.57548770695e-13
