Doc #0: 0.0596407582295 0.0732208435743 0.00952103387143 0.0549118550356 0.0872443081711 0.0444067698327 0.0611978854809 0.00347814900598 0.0409632188757 0.0326211622691 0.0213327905391 0.0593075519445 0.0440347637442 0.0977526737673 0.0534567694144 0.0605057722319 0.0362765238975 0.0153713682636 0.076526320266 0.0682294815853
Doc #1: 0.0277023080596 0.0335997527157 0.0770482814523 0.0224358235517 0.0212000516862 0.065639579899 0.0491937444509 0.0921017394398 0.103126393276 0.0473439317233 0.0388268594976 0.0971379340629 0.016470073554 0.0429238017456 0.0717305942724 0.0208254256455 0.0417089183086 0.00880006507502 0.0730403250099 0.0491443965735
Doc #2: 0.0543355772789 0.0733472782414 0.0564877622467 0.0542356174773 0.0334028056387 0.0220495968947 0.0601441707472 0.0703164706636 0.0283936660994 0.0685019299282 0.0474876945635 0.0142248485444 0.0752595162946 0.0451265931295 0.0437655444059 0.00552449972899 0.0731286247369 0.0773357511188 0.0541735203945 0.0427585318668
Doc #3: 0.0338315430046 0.060523357829 0.047568887959 0.0842424070754 0.0253613711198 0.0641413434008 0.0649619987349 0.0521341607915 0.0256393392774 0.0550331519675 0.0879806396038 0.0301300076304 0.0119569541695 0.0448790646534 0.0804127586626 0.00995436268984 0.0397853053745 0.070551320496 0.0376218764089 0.0732901491509
Doc #4: 0.00405429258822 0.0837226344809 0.0248633041876 0.0393180724314 0.0400644448037 0.0258737159029 0.131545607077 0.101370851016 0.0425114303159 0.00533344747988 0.0750258256278 0.0184783438836 0.0538450719079 0.067373396405 0.0378482644206 0.0413284977195 0.0698361166473 0.0552984673328 0.0452075255451 0.037100690227
Doc #5: 0.0480407761158 0.0543327890855 0.0276226240032 0.0363796963875 0.0450266526914 0.0949146583222 0.0713375217396 0.103784924332 0.0216207067642 0.036173281875 0.0274760401008 0.0377933160959 0.0339005369663 0.0984655085039 0.00392800739559 0.0556016305568 0.00671062037795 0.0647336376573 0.113572154036 0.0185849169927
Doc #6: 0.0232696547507 0.0760614453895 0.069378988346 0.0543454303955 0.00401256738927 0.0625185328503 0.0775948748607 0.0896934773675 0.0240573429051 0.0536921458974 0.00613140217849 0.0128937124467 0.0287848495046 0.0257993335463 0.0794524816377 0.0949528307024 0.0669198325993 0.0723957458823 0.0687121570824 0.00933319426786
Doc #7: 0.0401698288471 0.0397840399805 0.0818266143366 0.0207520316745 0.0896010695891 0.0624348929832 0.0331969142317 0.0980451329167 0.0168467780683 0.0181799776803 0.0200656655725 0.0824855253759 0.0801416920451 0.00626970281619 0.0167127322666 0.0178139950328 0.0265773971529 0.0974174296933 0.0535900187926 0.098088560944
Doc #8: 0.0565689557635 0.0313854978337 0.03002992006 0.0631720352978 0.0895391149891 0.0283500424627 0.0297518822291 0.02597142535 0.0549693516786 0.0666491857086 0.081468919723 0.0422563491709 0.00335429023623 0.101885377573 0.045022898718 0.0730861395407 0.0845431320061 0.0115742334842 0.0290077812007 0.0514134669738
Doc #9: 0.0530530537564 0.0853062961395 0.0008640861383 0.0328869028124 0.0214687741505 0.0300616831765 0.0147166267538 0.0303013024609 0.0775714594025 0.00995104838807 0.0950475169123 0.0630849259563 0.0263579062505 0.0487978898786 0.0851112642866 0.0871522892857 0.0488396081039 0.0640154724091 0.091128685568 0.0342832081701
Doc #10: 0.0842830401043 0.0731000719198 0.098291504162 0.0580183982666 0.00296870558364 0.0528284852792 0.0567978128092 0.0636832178358 0.00177582399474 0.0760474811256 0.0690192886336 0.00863590702771 0.0025066600257 0.060666697186 0.0190835003794 0.0742588194438 0.0717729219938 0.0708333402273 0.0354092011972 0.0200191228048
Doc #11: 0.0473442280411 0.0169680305212 0.0123297451529 0.0225308521592 0.0122228459966 0.0403266902624 0.0573030868871 0.0875472788636 0.0276779957482 0.080458628381 0.0796901183888 0.0777903649075 0.0297161819942 0.0406528026604 0.0623711717266 0.0705459001225 0.0715662468463 0.0506665260221 0.055127893891 0.0571634114274
Doc #12: 0.0292478368031 0.0529196784671 0.0836570133125 0.0945874968472 0.0501441008907 0.0199851313417 0.0529626722372 0.0207298920267 0.0152326550017 0.0362765360172 0.051639367101 0.0453563954429 0.029107931946 0.0454705152101 0.0638883156148 0.061060703697 0.0383166190606 0.0609600299094 0.0957688153682 0.0526882937049
Doc #13: 0.0556522573197 0.0393060534681 0.0142233419909 0.0816294736719 0.069543017354 0.0263599842903 0.0281746957442 0.0831163878015 0.0671198592253 0.0117041575698 0.0510833948407 0.0378662187109 0.105572299265 0.0811472761726 0.00239300860984 0.0593416333967 0.0843683486171 0.0274236311393 0.0115430054652 0.0624319553466
Doc #14: 0.0996941744805 0.048534289502 0.0817044409348 0.00653987295185 9.05236791546e-05 0.0407992623965 0.022284986074 0.0745729144047 0.0240754779059 0.0270128009458 0.0914266342542 0.0614167560514 0.0332798027588 0.0185025168851 0.0233841592712 0.0777959626546 0.085844526376 0.0353281791421 0.0746256804338 0.0730870388977
Doc #15: 0.0624029431963 0.0429083707002 0.119702448361 0.0740045362256 0.0481123482454 0.0274148061462 0.00722751609552 0.0205157244074 0.0304575987627 0.0395958720143 0.0659784643458 0.0247900487073 0.0211622528228 0.0638739557676 0.125424016255 0.0296049609538 0.0162049650677 0.0597335197139 0.067386794022 0.053498858189
Doc #16: 0.0623918709434 0.0308880783128 0.015377974778 0.0367078998494 0.0415317326909 0.0242651768432 0.065428399937 0.027639026205 0.0522251939716 0.0910410857646 0.106462844896 0.0433080177456 0.00341938577723 0.0759553319546 0.0743858457032 0.022643022099 0.0638038476568 0.057096102435 0.0491610705495 0.0562680918873
Doc #17: 0.00793792069866 0.0591694441549 0.0608400004742 0.0959682929526 0.0253159187584 0.0754385258519 0.000127087081295 0.0564187012025 0.0811429680167 0.0703487053969 0.00147774090604 0.0787838950415 0.0127372399044 0.108319973359 0.0583932236352 0.0614170127901 0.0318499645865 0.0264617471921 0.0348317340867 0.0530199039098
Doc #18: 0.0315406220301 0.0596071388305 0.0765053289905 0.0552705035476 0.048608849237 0.075813136042 0.0586506664141 0.0422487793401 0.0631297035315 0.0321582035968 0.00875903741288 0.0800937190502 0.0238963380668 0.0689821683738 0.0396823272996 0.0641421984692 0.0350681758805 0.0116616843377 0.044102509829 0.08007890972
Doc #19: 0.036976298081 0.0767505274392 0.0238588506245 0.0715246274728 0.0696213604147 0.0455718579121 0.0140342466127 0.0321843777959 0.0130281661819 0.0660469086908 0.0413296744748 0.113733074895 0.0607945849784 0.0117245213959 0.0364907417269 0.0117325959196 0.0663726434062 0.0613754270618 0.084456355436 0.0623931594805
Doc #20: 0.105553922264 0.0909323730821 0.00769946320284 0.0844529454663 0.0493263596609 0.0904469245038 0.0314777085601 0.0300499488932 0.0975728148942 0.0197240395009 0.00950504989944 0.0166774732505 0.070988927148 0.060518071068 0.0392223843453 0.0199122623282 0.0146068665234 0.0102470231672 0.080431248755 0.0706541934862
Doc #21: 0.0222288473388 0.0073204945902 0.00155261004881 0.130185679442 0.0352603237713 0.0831953876852 0.0575765228851 0.0520748393906 0.0512720060158 0.0224622268998 0.00192110790264 0.105598470453 0.0238280380345 0.0483104414002 0.0150108685159 0.0834390503405 0.132230659486 0.013291209918 0.089495547137 0.0237456687442
Doc #22: 0.0603293501126 0.0680630390321 0.0493830241935 0.0972815136092 0.0120876486403 0.109426301389 0.00361242099334 0.0388297592614 0.042483621434 0.0327282588789 0.0381924447637 0.0157868503772 0.00476845285495 0.0900419869329 0.00936605690927 0.0954334165214 0.00995205610217 0.0756038171418 0.0590580799965 0.087571900856
Doc #23: 0.0588791201315 0.0829812567549 0.0587813390986 0.054753622909 0.0160306253931 0.0293776001886 0.0100290554088 0.0458755798864 0.0688263950355 0.0101527445742 0.0754213369954 0.0924481958157 0.0756177819268 0.10067943706 0.0376257461121 0.0535190555133 0.0228235307875 0.00942098902778 0.0173169736653 0.0794396137157
Doc #24: 0.0575205904105 0.0137960219129 0.0497092495416 0.0520489947103 0.0672235930476 0.051130253729 0.0428003232772 0.109333821688 0.0679667828736 0.0500886132717 0.07932254211 0.0663012802704 0.0323954663699 0.0256692880077 0.000669044969209 0.0676910286703 0.0187473210619 0.0841346535022 0.028407683194 0.0350434473817
Doc #25: 0.00248366635291 0.0681095600549 0.0240485538773 0.0400207477737 0.036793636116 0.0704806849749 0.100864802453 0.0268386833444 0.0464034461903 0.0630811757016 0.103461613215 0.0217099459233 0.0265094517378 0.0374951571758 0.0856794160603 0.0752678768138 0.0778332558798 0.0573475017232 0.0166180152377 0.0189528093949
Doc #26: 0.0495752540132 0.0278770222144 0.000524494012333 0.00236176921384 0.0748969847643 0.0723595618851 0.0100130556039 0.0480809009866 0.0418801162408 0.0348493968391 0.0788774986994 0.00585199707505 0.0324735436681 0.00439782066215 0.134544736727 0.0966012640723 0.0762380458333 0.0960912448214 0.0435950743656 0.0689102183018
Doc #27: 0.0203759298779 0.126176351384 0.0706426689827 0.0199182091996 0.0674979927492 0.0250230405565 0.000859001232448 0.0378434187663 0.0715248990379 0.0423571924705 0.0116277053251 0.0299989927185 0.0349741809275 0.103317646126 0.110004417566 0.0113300777168 0.0883925198338 0.0528060986157 0.0114221435167 0.0639075133968
Doc #28: 0.0163649019238 0.0620169771349 0.0364518738441 0.0180340073072 0.0887796257269 0.0662257521697 0.0575143057879 0.0446320101966 0.0966099451595 0.0662993321071 0.0765056662503 0.0420900251009 0.0829530198018 0.0145110832128 0.00721210322658 0.0766254676652 0.0250317174466 0.0546407479593 0.0150506817359 0.0524507562428
Doc #29: 0.0695637661773 0.0223252404408 0.0764836321911 0.0697258431577 0.0669640857605 0.0686529388417 0.00232862667134 0.0617421205653 0.0352323162119 0.0307095646121 0.0839916060642 0.0308351836199 0.0123162392167 0.0318723081664 0.0676348478441 0.0543242002604 0.00183890899216 0.0948321806815 0.0274953737742 0.0911310167507
Doc #30: 0.0181658496025 0.0535731574306 0.0306281591448 0.0461557835957 0.0391163107343 0.0731553434047 0.0733571925097 0.0597886669108 0.0423575438034 0.0201768202823 0.0557509958238 0.0666234299139 0.104527213802 0.0742940402764 0.0376163791322 0.0630794919298 0.0178471331852 0.0546727634764 0.0327931469783 0.0363205780627
Doc #31: 0.0486465892468 0.0228956646364 0.0605415696592 0.0748654858912 0.0412087761434 0.0940594048939 0.0641113591741 0.0438422746208 0.0183700406742 0.00918943902846 0.0468470791598 0.033807244486 0.0571817193796 0.061727136721 0.0668909092128 0.0556619198703 0.0259410502996 0.0531932013891 0.0244472817066 0.0965718538068
Doc #32: 0.033456237262 0.0826107139652 0.102355954102 0.0292438267965 0.0309380366224 0.0399982985486 0.0663490759548 0.0412625337717 0.0107348432057 0.0785504817048 0.0442232339478 0.0918534791655 0.021574403779 0.0521947146576 0.0864086190341 0.00574474615775 0.028302674333 0.0599739184095 0.0478608369722 0.0463633716093
Doc #33: 0.0635134773318 0.0437470143152 0.100546285729 0.100590442631 0.0430900914931 0.0873357505189 0.0162568189657 0.0335302789458 0.0716789956911 0.101048473812 0.0658366545102 0.0409814355399 0.0697091666022 0.0357053648246 0.034242985198 0.0483425919688 0.00193810885644 0.0223369495734 0.008223454701 0.0113456587917
Doc #34: 0.0906826043659 0.0318633243444 0.0892537269583 0.0455824717159 0.0613978382313 0.0600867839077 0.00391647249897 0.0651948339325 0.0588677073993 0.0790327145013 0.0262082022061 0.0186262709182 0.00542886239721 0.00747910405909 0.0766413246176 0.0548209140021 0.0477860114563 0.0952424232455 0.0348976091157 0.0469908001266
Doc #35: 0.0017644658164 0.0206588905012 0.0971842979563 0.109366655428 0.00358036930397 0.0336756295385 0.0553853529998 0.00926243412698 0.138998989862 0.132185657561 0.0693478557924 0.0170647724168 0.0368282863266 0.0199354738298 0.014316839562 0.057366217456 0.0414662169021 0.0307076530514 0.0336314650207 0.0772724765476
Doc #36: 0.0740078799004 0.0138061104585 0.0404223442155 0.00597490896356 0.0485251511323 0.0711717737196 0.0126659928373 0.00858297457983 0.106853055754 0.0931484104071 0.066400957853 0.0639622420836 0.0830014506976 0.101583098978 0.0299077098884 0.0357089884422 0.000826788599934 0.022173585597 0.0912798280431 0.0299967478489
Doc #37: 0.0825840958179 0.0424422873944 0.06505157794 0.0801704937168 0.0379380518256 0.0307220381565 0.0414538089587 0.063466008981 0.0155891605501 0.0501600701448 0.0942597121893 0.063056572032 0.0259456033148 0.0176672345296 0.0126643911049 0.0598883168732 0.0555845813507 0.0467207399594 0.0406719094887 0.0739633456719
Doc #38: 0.0210094698766 0.0472476242928 0.0570890259387 0.100354955316 0.0412752732977 0.0206199951326 0.0511276622981 0.0442080707952 0.0047322339875 0.0662668427367 0.0319717680538 0.0488192695781 0.0747359858257 0.010782523022 0.0765226361947 0.0906284140634 0.0746686393683 0.030572576739 0.0874244752616 0.0199425582217
Doc #39: 0.0401509589795 0.102933734285 0.0680830079156 0.0104350789423 0.0550650483556 0.0874984340208 0.0334951737802 0.0336873125712 0.0451939095573 0.0273186189509 0.0138944508204 0.0794907013206 0.0625475728299 0.0693345268041 0.0787069059984 0.00176033553141 0.129175669282 0.00976064908756 0.0422520183797 0.00921589258796
Doc #40: 0.0306743505657 0.0117082458114 0.0260355567035 0.0178036176989 0.0307993137587 0.0549958733455 0.0637437651542 0.0637533027424 0.0379056354812 0.0682863160239 0.0039229938976 0.0816523243279 0.0879135175163 0.0659761535724 0.0310719616169 0.101505763399 0.0201711055003 0.0804514334913 0.0573586503905 0.0642701190026
Doc #41: 0.105442189761 0.0401022003653 0.0148297746979 0.0605432677634 0.0631573128048 0.0437763052534 0.0505567011779 0.0341796837919 0.0622717776568 0.0126108741181 0.0668747716992 0.0324613268862 0.0304875365962 0.0491059807054 0.0868600698897 0.0130765476535 0.0157930932287 0.0897204732064 0.0621777566171 0.0659723561274
Doc #42: 0.0147870578244 0.0623670699789 0.046567762049 0.0320726566038 0.0216926751075 0.0737524832473 0.0477876338852 0.0353856189201 0.0350174086903 0.0305315677478 0.0940317337302 0.0576997032669 0.101023622662 0.00886637994285 0.0234650058503 0.0474772820173 0.0587533016711 0.0618657881445 0.0521547700512 0.0947004786097
Doc #43: 0.048931253415 0.00610610119876 0.0359102431286 0.0493530012191 0.0819003230625 0.109202055727 0.00267295988129 0.000635018749891 0.0654661400215 0.0617149897556 0.0239814298787 0.074644552139 0.0681738617882 0.0130217411311 0.108147202621 0.0598443798436 0.0368235097883 0.0630799392766 0.0844171205777 0.00597417679692
Doc #44: 0.0324198708259 0.0548542308105 0.0536949935009 0.0276490094515 0.0750446171267 0.062960179356 0.0447780775967 0.0736997937835 0.0693025573241 0.0515238987936 0.0304218823283 0.0178220135288 0.0689817588496 0.0783939797153 0.0255051254113 0.0395887585505 0.00218315402669 0.0721063382936 0.0869670251813 0.0321027355452
Doc #45: 0.0931072265632 0.0833846541445 0.0289441674506 0.0561572071181 0.0572055500461 0.0588357489549 0.0483413739669 0.0465294753465 0.0493091672453 0.0258310970534 0.0441324592226 0.0529490844333 0.100702422328 0.00282832069325 0.0505344982891 0.0185337126868 0.0195415675159 0.0329248691878 0.066401553822 0.0638058439319
Doc #46: 0.0586864192181 0.0706470470091 0.0996690583042 0.0203604115571 0.0144059068162 0.00156086743438 0.061774440834 0.106177898372 0.0098387590095 0.00398043981364 0.0208256701349 0.0170721439664 0.0771434381277 0.0863207906311 0.0721857725628 0.0590039975149 0.0517619237082 0.0717112634889 0.0320535550519 0.0648201964448
Doc #47: 0.0296549638799 0.0046396690668 0.0140446818807 0.0187959055493 0.0523188810898 0.0946879329624 0.0580512393328 0.0612922393708 0.0774477898689 0.0907114136243 0.0595767128579 0.036244177577 0.0630970656844 0.0395880338506 0.0688025330132 0.101310662855 0.00948406827298 0.0257774979464 0.0123990794404 0.0820754518762
Doc #48: 0.0749062684064 0.0815407619338 0.0208763852527 0.0150526392954 0.0469743619048 0.0540033483745 0.055688546757 0.0319183762038 0.0391643683184 0.0395285658167 0.0206074634248 0.0771756964401 0.0545195566592 0.060980417202 0.097547043058 0.0594999140279 0.000193831183097 0.0347256517924 0.0599881723297 0.0751086316195
Doc #49: 0.036561798189 0.0219509964452 0.0463029288265 0.109985234501 0.0719332668315 0.0614973629908 0.0178301650999 0.0988818688916 0.0443883411023 0.0616911112198 0.0103300458078 0.0227848229829 0.0676088294699 0.0416627774477 0.0354165458708 0.0841090291972 0.0350264004488 0.0580441875742 0.0114476791393 0.0625466079641
Doc #50: 0.0987680992676 0.0790374414817 0.0261081142451 0.0848228485302 0.0771294755719 0.0446142496922 0.0549677917494 0.0630496821949 0.0151802809779 0.05528885484 0.00135170942008 0.0990228127743 0.0289492023366 0.0142072700828 0.0160750696651 0.0952847350963 0.0501400383751 0.022385691631 0.0622406588617 0.011375973206
Doc #51: 0.0137642912729 0.0772058803792 0.0875938315994 0.106566285557 0.0660055341458 0.0673705330887 0.0332684968263 0.0335552872053 0.0739362172711 0.0152160476515 0.0392747827828 0.0304774892329 0.0819648499751 0.0066297244734 0.00914350925834 0.121205246 0.0108229307492 0.0474253930445 0.0535285653829 0.0250451041043
Doc #52: 0.0322749789267 0.0175471041715 0.00561160410379 0.0443844040797 0.0276373033466 0.091473694768 0.0690266317812 0.0525793567026 0.0198288159764 0.0415114269431 0.083207192425 0.0344235145665 0.0295570511606 0.106989104957 0.113647550388 0.0860601499638 0.0967770639665 0.0158520451108 0.0156151408154 0.0159958658464
Doc #53: 0.0480141319435 0.0631350211195 0.0127223900751 0.0403447827128 0.0370456855769 0.0411379184023 0.0866015513521 0.0340197965859 0.0676146135143 0.0157495805582 0.0357876298923 0.0376686298365 0.0798401549831 0.0468616275731 0.0114883356369 0.0672920577229 0.0950898174377 0.0229341014192 0.0745860455869 0.0820661280711
Doc #54: 0.0637675316804 0.0441030181036 0.00450255538102 0.0488054680509 0.071125509417 0.0487134830791 0.0412833349155 0.064300036676 0.0989036301946 0.0572138217534 0.0701552677477 0.0500612901534 0.0617294672083 0.0795121784999 0.00358908271201 0.00150422712256 0.0653281026841 0.00899074391777 0.0319782690372 0.0844329816655
Doc #55: 0.0553015672805 0.0638214523993 0.074477032314 0.0401806762429 0.0939499226048 0.055742286862 0.0708094624111 0.0590501250393 0.0253869505834 0.0106311717842 0.0151551807641 0.0197794131606 0.0341693350387 0.0451758793411 0.0730151595392 0.024097248168 0.07108137751 0.0681560499979 0.0158248242558 0.0841948847031
Doc #56: 0.0173774527784 0.0856238637971 0.0620061441895 0.0962684630565 0.0268045939896 0.0540136422981 0.0398603956885 0.00519630078652 0.0336604737437 0.0742070260484 0.0830687741478 0.0826374362844 0.0298406692923 0.0116633016001 0.0144382483648 0.0308775682334 0.0354463933979 0.085915404768 0.059344731528 0.0717491160068
Doc #57: 0.0875510177822 0.0803997555348 0.00525097862916 0.07581012405 0.0571785334795 0.0434117281448 0.014441377212 0.0844354849411 0.0582692637439 0.0263076593209 0.004974746212 0.0268590986939 0.0439655877063 0.00284938774508 0.123027158164 0.0164970940243 0.0958200880891 0.0566983016471 0.0800660108895 0.0161866039906
Doc #58: 0.0689383748838 0.0304318414282 0.010199568162 0.0613274660166 0.000464281389839 0.112344473454 0.0669791022465 0.0314932710868 0.0276554650604 0.018885289714 0.10663541014 0.108461853576 0.0388323249208 0.0572793152899 0.018516302396 0.0112914817179 0.0598378610637 0.0885703246924 0.0335239856438 0.048332007118
Doc #59: 0.0100995514924 0.0586429493005 0.0751030623332 0.0998875211945 0.0164153350728 0.0745497863403 0.0338758223712 0.020072312212 0.0879642306652 0.0563823292183 0.0227704555115 0.050077588776 0.0465918568233 0.0322594018715 0.0473485585337 0.056034533778 0.0100570768834 0.0856978271022 0.0480125014341 0.068157299086
Doc #60: 0.0660259437564 0.00836015219308 0.0235750185391 0.0723707724709 0.0670121396231 0.03003523995 0.078324164506 0.0355551392088 0.0957107522171 0.0628992313302 0.00242338697747 0.0439659062827 0.0907020849174 0.0556034343457 0.0694384346222 0.00380513172345 0.0364812958608 0.0317931523458 0.0829139547974 0.0430046643324
Doc #61: 0.0714163041992 0.0693375601641 0.032829890564 0.0821948517876 0.0346530193372 0.00510018261744 0.0212122005504 0.0556255061956 0.0642164463008 0.02458819002 0.059822212464 0.0604976569388 0.055387015675 0.0375254524788 0.0838673792798 0.0327616104922 0.00299961615419 0.104485520868 0.0304255413243 0.0710538425888
Doc #62: 0.0112992221854 0.0725892181378 0.01436007085 0.0726707860112 0.000185555506246 0.00295927875408 0.107775020243 0.0502034643567 0.0129443720509 0.0694321009353 0.102857147369 0.0743394712758 0.0975248849505 0.023543157603 0.0302454104702 0.0565009499551 0.0189276867258 0.105664985555 0.0125158551363 0.0634613619297
Doc #63: 0.0978470771368 0.0171720354506 0.0184403172168 0.0689370254481 0.0319078210726 0.0074073938556 0.0385942925353 0.079604805488 0.0725521365737 0.0430345352828 0.0776938820035 0.0938052066623 0.0531725205939 0.0498925692115 0.0173088090605 0.0281985569161 0.0356831940736 0.0612938378729 0.0394575605828 0.0679964229625
Doc #64: 0.031255428316 0.0909854414202 0.0823621268866 0.0116250764141 0.0505729462101 0.0372845954368 0.0156265734161 0.0954018058975 0.0609019459464 0.0712332607904 0.0258111775084 0.00512827253861 0.065626013499 0.0621808094573 0.0328666746203 0.0667466927517 0.0241251432609 0.0350549135391 0.0482687226639 0.0869423794264
Doc #65: 0.0463310132757 0.0638121966098 0.0218369978059 0.046022148781 0.0077570958133 0.0896887195151 0.0157918532319 0.0223343216489 0.074909374389 0.0412631517088 0.100814511784 0.0127668696036 0.0821835709728 0.0710232341624 0.0966263935411 0.041869904431 0.0526223855812 0.0333834954725 0.0542066577302 0.0247561039421
Doc #66: 0.0837777080476 0.0280973753932 0.027869930886 0.0895215682203 0.0882655999558 0.0237508689839 0.0623353082514 0.00948066405073 0.0422555688059 0.0864680831322 0.0367559100735 0.0263903127625 0.0466259510016 0.0838850408713 0.0366351264352 0.0304380942817 0.0904224797477 0.0678503942835 0.016895435928 0.0222785788881
Doc #67: 0.0288203291879 0.0526204329687 0.0706396917992 0.0254012306903 0.0854351156624 0.041378637676 0.0222487863775 0.104598937542 0.0335812230943 0.0243513672005 0.0455758836926 0.0945892936993 0.0282203811589 0.02281969701 0.0539108106338 0.0108724742153 0.0853409397758 0.0636421483455 0.0739030577025 0.0320495615671
Doc #68: 0.064634865106 0.0272850246507 0.0184341115517 0.0576914094992 0.0756107564633 0.0810179944456 0.0482187162631 0.0621417351046 0.0682706343675 0.00461070872318 0.0369866239583 0.0583372919595 0.0157497841055 0.0512410887193 0.0689360867492 0.0566620920565 0.0402947421193 0.0568425833583 0.0756100431554 0.0314237076437
Doc #69: 0.0794396159322 0.0664914135391 0.0792657650678 0.0888498683703 0.0548468119244 0.00687378504455 0.0160560904413 0.0255525080196 0.0778942518174 0.0614739982486 0.0696692839828 0.0365143412631 0.0174039608115 0.0191360624954 0.0241211668199 0.0731097052014 0.0234558247165 0.0612269621168 0.0515478371771 0.0670707470102
Doc #71: 0.0473941579478 0.0667331098583 0.0559470482725 0.00818499361561 0.094001705103 0.0484221283098 0.0654650885335 0.0389662081002 0.00102195605403 0.0048001319906 0.0833602626182 0.0941217903301 0.00201164876375 0.0453504796815 0.0527199828286 0.0238745276704 0.106146225602 0.0116861086995 0.0611636203058 0.088628825715
Doc #72: 0.0113288993644 0.0509912238985 0.0341985043387 0.0973706176709 0.115610444972 0.0548128193151 0.00363023667153 0.0822202128837 0.02168866033 0.0436847228116 0.094597489712 0.0234698103609 0.0843410964165 0.0253957888755 0.0186814243213 0.000491313660434 0.0777089001129 0.0336750549977 0.0964346795192 0.0296680997666
Doc #73: 0.112635236969 0.0383060618022 0.00596046809972 0.067650966537 0.0310817380988 0.0396268747012 0.0027458841444 0.0343603640886 0.085930416619 0.0435237323776 0.0883247290004 0.0204664217748 0.0591189439988 0.0556228943625 0.0897392223462 0.0700964109029 0.00834695899275 0.0431199462976 0.0689481250772 0.0343946038096
Doc #74: 0.0159614215723 0.0289534009772 0.0537140941835 0.0534393409604 0.051962951031 0.0509839355837 0.0328875731858 0.02774031003 0.0170695304167 0.0395908254944 0.0465843922502 0.0948869221902 0.0558830707948 0.0692949257341 0.0710644890062 0.0288322487543 0.0548850990374 0.0219468009049 0.0945654262857 0.0897532416073
Doc #75: 0.00395853767242 0.0776421132701 0.00235105620198 0.0718681728527 0.0799739991677 0.0604029375819 0.0177147421886 0.139957804406 0.081410667237 0.0503824533104 0.0578835322015 0.0303757532003 0.014013700053 0.0142979078405 0.156044384209 0.00588661552334 0.0029962133003 0.103433991751 0.0139803096994 0.015425108333
Doc #76: 0.00328521053046 0.0239538397654 0.0780956574337 0.0386145820529 0.0425876204103 0.0531060438835 0.0689623881264 0.0291330212218 0.113482109266 0.0720230912192 0.0117005602258 0.0208443931433 0.00305696289284 0.049850411222 0.0975695999319 0.0821369410317 0.0586948040735 0.0143964870206 0.0887378572176 0.0497684193308
Doc #77: 0.0792309607793 0.0778794396136 0.0473744780421 0.0206727234879 0.0605113418888 0.00736439927969 0.0208809771015 0.0688817932478 0.0161345304838 0.021483003517 0.017211262216 0.102741568177 0.0836530428271 0.0445239687635 0.0531892120616 0.0616024600235 0.072080802991 0.0644158738992 0.0495718436171 0.0305963179823
Doc #78: 0.0353663424428 0.0192634956342 0.100144727518 0.0471164738599 0.00435878397915 0.0501301223671 0.0826124321417 0.0217636243263 0.0179878667194 0.0976164482436 0.0496774926009 0.0699069416222 0.0227157428159 0.0546912758233 0.00552026663006 0.0861499739413 0.0142944951231 0.09876302742 0.116593090168 0.00532737662254
Doc #79: 0.0280708501207 0.0988715842363 0.0378376046924 0.0457095562169 0.0174777271656 0.0689995311511 0.0272894065924 0.0180331695721 0.0668079650933 0.0623823608806 0.0069847929252 0.108106710838 0.0371790156174 0.0628509894552 0.0887078663699 0.0218673135707 0.049008600319 0.0574813980133 0.0833733749397 0.0129601822302
Doc #80: 0.02365445771 0.0369061005126 0.0772623894607 0.0230147051833 0.0697742804809 0.0684759616477 0.0258944200175 0.0722402807048 0.0698905208295 0.0667150713819 0.0686575542592 0.0198872019951 0.0251340274738 0.0263234073714 0.0669818792775 0.105278210935 0.0504601170082 0.0194416101202 0.0518748442914 0.0321329593394
Doc #81: 0.085166368618 0.137523425799 0.0265350156491 0.00540902623006 0.0311778566086 0.0393938199329 0.025934569027 0.0453655323039 0.0760194268074 0.00538710050732 0.0552949914028 0.026250359922 0.0742437813042 0.000647599401739 0.102482496722 0.000107533388305 0.102058871362 0.0774911122245 0.0219792572901 0.0615318554994
Doc #82: 0.0246584983529 0.0708615884742 0.0683890235725 0.01914123204 0.0319583176469 0.0455079717111 0.00808703654003 0.0820226474721 0.0933724309413 0.0633083833966 0.0810288782989 0.0225578290676 0.00734323199026 0.0836344838335 0.0729832344082 0.0121326075329 0.0493855082161 0.0787964197929 0.0787771639854 0.00605351272658
Doc #83: 0.0652636160697 0.0703044425181 0.0870508815046 0.070335946671 0.0313102404277 0.0176843444499 0.0742021354066 0.0227550176161 0.0814962209216 0.0442191500549 0.0713395744314 0.011285609169 0.013113396392 0.0243616275394 0.00401790404153 0.0542925619989 0.034172209466 0.0491346092003 0.0529584893716 0.120702022749
Doc #84: 0.0117294148607 0.0790981299101 0.0224740174272 0.0623686275428 0.0600072815587 0.0589835453852 0.055973380847 0.100640114009 0.0462507081318 0.0943730221546 0.00474708450131 0.0164337895735 0.0218683186779 0.0473274552976 0.0435439665086 0.0311616444969 0.0717717136421 0.0484017196895 0.00408173552636 0.118764330259
Doc #85: 0.0606955502962 0.118612081395 0.0180746163242 0.0198440888348 0.086840771977 0.0664683211761 0.0303385857043 0.0355411115389 0.0182561481606 0.025762699708 0.0564365361457 0.0332595923467 0.090640414494 0.0245133063321 0.0498638926293 0.0177971600045 0.0544172550118 0.0789220400585 0.0339594925541 0.0797563353075
Doc #86: 0.0871359432987 0.0202771322134 0.0335912337443 0.00549332875479 0.0868716948494 0.063709773525 0.0472411739516 0.114043954085 0.0215914228135 0.0710578119204 0.0602290500577 0.0280318398233 0.0240337960393 0.0523860192985 0.0477792655263 0.0231090174762 0.0514270619242 0.0638264446946 0.0833180900409 0.0148459459632
Doc #87: 0.0742414318065 0.0935354127265 0.0487359207808 0.0439734969352 0.0718034691769 0.0146586263222 0.0592555102893 0.0346600053853 0.0104911820115 0.0861664269043 0.0291607851772 0.0963551361167 0.103012963799 0.0548569846201 0.00100232267724 0.0175381869212 0.0643151852206 0.0158233841938 0.0554688766433 0.024944692292
Doc #88: 0.0321909051433 0.0208707322653 0.0852355370321 0.104129121488 0.0190382144829 0.0191473285586 0.0853387749436 0.0687300759144 0.0824274924951 0.035153805853 0.036652755623 0.0651185127297 0.0600968699119 0.0422286519101 0.0612617607687 0.016261324605 0.0693789912029 0.0448312564546 0.00279906085487 0.0491088277626
Doc #89: 0.0347138324432 0.0463821013193 0.0971662784058 0.13217014795 0.00548841099948 0.0594909783049 0.0588982950698 0.00377557884539 0.0736252122995 0.0672269621309 0.0381071201979 0.0574603099157 0.0426460384865 0.0853200513355 0.0189643560608 0.0847163479579 0.0159474013668 0.0215743591939 0.0491612754336 0.00716494228332
Doc #90: 0.120379794124 0.0581533380811 0.00044742410353 0.0572701807876 0.0882065465927 0.0136270465655 0.0169743110533 0.0392383305792 0.0844759223128 0.0177275702196 0.0160301379401 0.00662356208006 0.125002476674 0.0202733458408 0.082085725724 0.0282824883395 0.0510212896675 0.103904973116 0.0678926778129 0.002382858386
Doc #91: 0.0470717246931 0.0619633896041 0.0819428293943 0.0042431897756 0.0378273617498 0.0141168203015 0.0801621165928 0.0619143933056 0.0365405157481 0.0471614222109 0.0490425447582 0.039719316451 0.0430649582331 0.0529264312973 0.0633162141085 0.0870267629982 0.0387317673846 0.109023597224 0.0292932463668 0.0149113978028
Doc #92: 0.0489309637844 0.0259535324882 0.0699161185616 0.0404418273693 0.0656791044927 0.0061361041067 0.0735073962904 0.0481770838138 0.0808699738089 0.0544434902576 0.0821116983301 0.0335654565554 0.0676339233164 0.0265606299294 0.0398649787158 0.00544970302355 0.0447613260284 0.0715254074124 0.0262407002627 0.0882305814524
Doc #93: 0.0952532250123 0.0553958166618 0.0621009015282 0.0256914620507 0.0685853409751 0.0816547283384 0.0298095026042 0.0331407714741 0.0499134476802 0.0593417760869 0.063410635188 0.0036439790431 0.0232067600508 0.0635616808195 0.047767374456 0.084245770089 0.0134679841741 0.0539189910915 0.0477072638183 0.038182588858
Doc #94: 0.0167639683291 0.0148261614011 0.0242592624574 0.042742495649 0.0552949986827 0.0223183520827 0.0567485267968 0.0375004663669 0.0616360518818 0.0951717758637 0.0598830936006 0.0568680989039 0.0636552187684 0.00177738125134 0.048260205193 0.0796438494528 0.0743228753149 0.091033858296 0.0145426716854 0.0827506880227
Doc #95: 0.0207416361956 0.101237063677 0.0733839239805 0.0122699508004 0.0167441634297 0.0651910159613 0.0639361139988 0.015648938825 0.0975383423687 0.0964066597555 0.0122709217745 0.0319164710576 0.0844835538424 0.00823540996356 0.0612795857054 0.0522065464956 0.000917199140096 0.0819771713346 0.0669480956434 0.0366672360499
Doc #96: 0.00863888073225 0.0337509684455 0.0656728983666 0.0971864622175 0.0083690177664 0.0705245678977 0.00496303049183 0.0587514437257 0.0832748259048 0.0614845033532 0.0238842543635 0.0701986400539 0.0177859953956 0.0228979914904 0.0637986628602 0.0872581302577 0.00776771410119 0.0549157181049 0.0655757195628 0.0933005749084
Doc #97: 0.0331458528657 0.00609934868772 0.0204305986147 0.0803124920888 0.0743831422625 0.0400474482143 0.0149985524152 0.0177937100986 0.102626819711 0.0362945642689 0.0268748064694 0.100393317551 0.0364837285701 0.0736238172009 0.0172680557825 0.0303720495924 0.123170806879 0.0618076182299 0.0265013128969 0.0773719576012
Doc #98: 0.0240808773176 0.0639471031812 0.00363508529314 0.0266329803635 0.0772286686373 0.0401636054386 0.0457616042966 0.0481671748539 0.0283401168749 0.0812855331264 0.0947088424132 0.00794676962129 0.0448669106943 0.0898636531198 0.00262328825337 0.0244477781737 0.111153911786 0.0859938269439 0.0641359726545 0.0350162969566
Doc #99: 0.0176872499943 0.0965970704511 0.0268111637794 0.0277929832302 0.0637103406976 0.0913209788252 0.0609605910845 0.0322657603177 0.00345110076215 0.0561607852207 0.0449939236396 0.0391351228317 0.00438750447598 0.0178894469757 0.0531241519139 0.0604806831766 0.0324458191293 0.0940715168078 0.0869849606208 0.0897288460656
Doc #100: 0.0405233273547 0.0873518893521 0.0199980508223 0.102098428509 0.0478193298927 0.0312798153007 0.0699574393175 0.0619017086191 0.027154416829 0.0209100354015 0.0273678996038 0.0753168867403 0.00318742975015 0.0757670430073 0.0762840459718 0.0853891962291 0.0231232098919 0.0573149367702 0.0303507274239 0.036904183213
Doc #101: 0.097384955228 0.0729779689258 0.0935322112534 0.0220034117966 0.0573060112583 0.0729912006241 0.0211377364067 0.0296657281134 0.0053153811845 0.081927147556 0.0660613891851 0.0335069480072 0.0960098131875 0.0492247537578 0.0659417195671 0.00682204657553 0.0294407043639 0.0686902871951 0.0167403696668 0.0133202161472
Doc #102: 0.054963897438 0.0458313812758 0.0880917028585 0.0732523658331 0.0045716319982 0.086207696975 0.0525482216886 0.0805195588082 0.0411031272169 0.0108063944638 0.0976291852422 0.00234127278388 0.033838434375 0.0917892206346 0.0583920281793 0.0216834873513 0.0852842262587 0.0138509958572 0.0326069248514 0.0246882459103
Doc #103: 0.0205092800818 5.37672650869e-05 0.087778563779 0.0483222505212 0.0312555388005 0.0502806511339 0.0738515066778 0.0511221056444 0.0679622923548 0.0196855974386 0.0686567024447 0.0167495257119 0.0522618601113 0.113396933085 0.100726963053 0.0919480198806 0.027357641046 0.00264220293558 0.0294986606836 0.0459399373506
Doc #104: 0.0992679672156 0.0842973208581 0.0612903809335 0.0407746252593 0.0686481001317 0.0725925890472 0.00710109960842 0.0487091311481 0.00699593410875 0.0139382462151 0.0730331874279 0.0460613100312 0.080556470158 0.000556688265549 0.0631819084581 0.0607428166545 0.0545045770173 0.0203012260443 0.0863629769718 0.0110834444454
Doc #105: 0.0773525358309 0.0522694410222 0.0983022285705 0.0161404633575 0.00870870952347 0.0421201798129 0.0352867347082 0.072213083571 0.0531848205659 0.0378667161883 0.0153089414453 0.0764148933491 0.0509960949125 0.0126681789181 0.0733813291534 0.0861280239756 0.0600884374874 0.0301070344013 0.0491112129738 0.0523509402325
Doc #106: 0.0667103180222 0.0422397276746 0.0181372202846 0.0256454907068 0.084321533728 0.00977403638141 0.033871417225 0.0902485051042 0.0522832814117 0.00434994457071 0.0782155037807 0.0281400503841 0.056075784539 0.0755910638762 0.047076627503 0.0392456806134 0.0658126943868 0.0588690281228 0.055107864081 0.0682842276039
Doc #107: 0.0742050193641 0.0674535949279 0.0174764095618 0.0609107873885 0.0492805277426 0.0675343992127 0.0250007247157 0.046214388306 0.0416462021967 0.0241111531753 0.0909777718217 0.00754843043396 0.017277641734 0.0143014034209 0.0484164690198 0.0773320715278 0.0984599502613 0.0363537723019 0.058151959349 0.0773473235379
Doc #108: 0.0534845457433 0.0668450244479 0.0709465649658 0.0559644117567 0.0626149227389 0.0744969782495 0.0329760356736 0.0958978796573 0.0117412148632 0.0433942229044 0.026620034342 0.0603530207687 0.0196259025325 0.00643556131925 0.0932771644659 0.0349966868804 0.0332179462832 0.0910011691997 0.0524099858887 0.013700727319
Doc #109: 0.0723399179682 0.0257769393103 0.0146006782872 0.0012895044025 0.0441100762056 0.067147393746 0.0760942890384 0.0689167333294 0.08114293216 0.0302485334868 0.0455790880708 0.0681409863165 0.0117622811205 0.0446727675854 0.0798493645335 0.000840067320301 0.0965812859954 0.0469793013815 0.0653722320998 0.0585556276419
Doc #110: 0.0678745631067 0.0155759993313 0.0495921920428 0.0517255917265 0.00336803240817 0.0697944578651 0.0088589866794 0.0636374119784 0.0801163974795 0.0164739430726 0.0639028181481 0.0442734618483 0.0940329013856 0.0614230021848 0.0658527844696 0.0142960152896 0.0523740576946 0.0587356159703 0.0828234764899 0.0352682908286
Doc #111: 0.0346378459226 0.0407593643402 0.0739167242685 0.0608722554455 0.0785377033355 0.0362809985226 0.0718499072726 0.0787516029396 0.0107909235957 0.0300963898782 0.0851725514662 0.0116969191124 0.0813718943013 0.0331319799596 0.0795850283502 0.0278258514301 0.0487706492711 0.0451043389975 0.0300950982561 0.0407519733344
Doc #112: 0.101485220725 0.00129419448963 0.0586937768499 0.0823503397682 0.0743085955 0.0526631629268 0.0922751244944 0.0125341531159 0.00580150895458 0.0422855795294 0.00867528488829 0.0940595604342 0.0310818648948 0.0442133171416 0.0290425268254 0.121112529958 0.0244739025943 0.0313046705943 0.0334601443985 0.0588845419176
Doc #113: 0.0912341069149 0.0660518055839 0.0620781319201 0.0403458358319 0.104575903496 0.0195277441362 0.00378554693457 0.0495854498317 0.0501316804425 0.0633060819707 0.107015064001 0.000176775427092 0.0613484399968 0.0427845815464 0.0267264375485 0.0779775344385 0.0529614017167 0.0299706975865 0.0297351370485 0.0206816436268
Doc #114: 0.0909384461714 0.0136202512865 0.0461896855883 0.0614300100377 0.0810081210071 0.0588404747361 0.0712645728652 0.104460822714 0.0465690691679 0.00875679458258 0.0307805973327 0.100560579667 0.0612045957412 0.0239812094972 0.097778121301 0.00421238919512 0.0290792646645 0.0369157909332 0.0241885964372 0.00822060707424
Doc #115: 0.0133586177336 0.0653044986696 0.00181944855978 0.0656138300331 0.0384437917841 0.041638746928 0.0511100058706 0.0524309280154 0.090260018017 0.0657785087176 0.00983937091411 0.0428168193492 0.0987824728846 0.00581369776286 0.0238038621795 0.0977827686195 0.0528622627274 0.0809048407858 0.0853996542581 0.0162358561901
Doc #116: 0.0787514981722 0.0432969906961 0.088037467049 0.0795535630399 0.0263363633698 0.0648174115446 0.00328852754978 0.012070101488 0.0310522395008 0.0660043166879 0.0688912189309 0.0329893049115 0.0368525884636 0.0435344912763 0.025345808122 0.0671795021006 0.0475467868989 0.0765516027747 0.070418774658 0.0374814427653
Doc #117: 0.0659274593743 0.0607237414904 0.0393354886393 0.0497140834692 0.0588957859359 0.0545406267419 0.0620629531589 0.0496085730245 0.0726593250492 0.0107181431459 0.0887012081308 0.0685015948697 0.0205739539561 0.0608932191824 0.0806697608383 0.0388038000852 0.00124337254578 0.0103684539219 0.0170333907776 0.0890250656627
Doc #118: 0.0417528799491 0.0151534347938 0.0743235870752 0.0647806964235 0.0107143296611 0.0381163196786 0.0624257385565 0.0674564063187 0.072393680742 0.0815237078801 0.0499448138459 0.018740980723 0.0124019189624 0.0627141367244 0.0710890351998 0.0542474389875 0.0494135651257 0.016676999319 0.0453988973079 0.0907314327259
Doc #119: 0.0702018406668 0.0237438490519 0.0143800578665 0.0910583566039 0.0666519137139 0.110098704746 0.013333058129 0.0343482079558 0.0528087562842 0.00493526262884 0.0731525374916 0.0604573721352 0.00933155871171 0.0923505212367 0.0702256236858 0.0759634356743 0.0167117532041 0.0489500642018 0.0636845466471 0.00761257936488
Doc #120: 0.0841837572198 0.0861499521213 0.0203297737062 0.0197581251295 0.0514843085924 0.116201223937 0.0475265117482 0.0592580893204 0.0569751409936 0.0976925451083 0.0307925379961 0.0343085809295 0.0267865945205 0.0435045339254 0.0525165155456 0.0705440241114 0.0179962077113 0.02582529503 0.016000605425 0.0421656769287
Doc #121: 0.0659169784343 0.084552444515 0.0464709634365 0.0741526596267 0.0416191347382 0.0140289373868 0.016080109911 0.0703513837146 0.0105658030768 0.0907687663922 0.00615527064246 0.0669442653915 0.0608204091422 0.0574371044263 0.0207517770202 0.00809358893568 0.106848841746 0.0227652606266 0.0803775168657 0.0552987839712
