Doc #0: 0.429611176161 3.91822498845e-06 4.02574479603e-07 2.76878147041e-11 5.05819635546e-28 0.570384503011 8.48031716936e-37 1.4310077562e-38 4.61657445688e-21 2.32401934422e-26
Doc #1: 0.302560139503 0.43511074264 7.31585648529e-14 2.36706082391e-12 1.10383196146e-27 1.10270054231e-14 8.0869575656e-22 1.18910817868e-29 0.262329026792 9.10625218889e-08
Doc #2: 1.33425083311e-10 0.0445324894028 1.32670366601e-16 0.000321281030072 3.77382660709e-09 0.43130958847 0.155363862229 0.150062428139 0.00356934098367 0.214841005839
Doc #3: 5.49322441456e-10 3.56821864828e-13 9.6812329615e-06 9.07065938543e-10 0.000612728058068 0.547676529208 9.8719937795e-09 0.418890482303 0.0328001434349 1.04244349534e-05
Doc #4: 8.16612366135e-18 1.7352507332e-22 8.34787447201e-15 1.8642635389e-13 4.64505751987e-18 0.998896736249 3.06415720007e-05 0.00107213375708 4.8842199145e-07 2.78743485497e-14
Doc #5: 1.60025879118e-14 3.9369454278e-09 5.71943656123e-15 4.15272908003e-10 1.30804903097e-11 1.01953835151e-06 0.00268919622089 4.40241275869e-09 4.82986228917e-12 0.997309775468
Doc #6: 5.40483993479e-09 1.21623915879e-06 2.5771706149e-25 1.45157026194e-14 0.261541906792 1.73423751223e-05 3.1910648055e-22 8.66499487042e-11 0.681121682446 0.0573178466558
Doc #7: 0.000793250969787 1.79081598772e-08 0.878508443552 1.45901507433e-18 2.44202790199e-11 5.82101204114e-15 9.01182928025e-13 0.120697638263 6.49281375172e-07 1.45044395952e-14
Doc #8: 3.79537988038e-12 2.87678341766e-06 0.340504153968 0.00016762963055 3.39277251061e-24 7.77263746364e-09 2.99071133207e-09 0.0488217005974 9.96577180253e-21 0.610503628253
Doc #9: 5.02873858946e-26 8.56755348298e-10 1.46775895785e-16 0.0212098639403 0.000123552000984 0.0015849920427 0.754966622408 0.222114896715 1.19922838788e-24 7.20357934383e-08
Doc #10: 2.86546396988e-23 5.25540113903e-18 4.39920521335e-20 0.0467762096879 2.98060262879e-20 0.00848299474412 1.24066183166e-13 0.944740782157 2.14498862468e-15 1.34111517911e-08
Doc #11: 4.25105493192e-07 1.85171583844e-07 1.05135266788e-11 6.83558306917e-29 4.3788459798e-23 0.999999389691 5.2037223994e-26 1.90461023431e-12 4.2029148771e-18 1.92952184531e-11
Doc #12: 0.0277918336265 2.02469189274e-17 3.03490887871e-11 0.205896998525 4.56127764587e-20 7.97600479104e-10 0.766311073336 8.45458548503e-08 3.25842855547e-17 9.13826226176e-09
Doc #13: 9.48208902146e-31 0.133118870243 0.133462052656 0.0788811109147 7.76057783943e-07 2.92473633794e-05 6.48427318142e-05 0.396408025924 3.24706930183e-11 0.258035074077
Doc #14: 1.30682343646e-06 0.141836300748 0.0166506087895 5.59338161032e-18 2.35034506378e-21 1.85396827089e-05 2.53166346062e-17 2.75222170045e-24 8.68958454064e-15 0.841493243956
Doc #15: 6.74371297625e-24 2.65094241095e-27 4.05134972634e-31 5.18029990359e-16 3.59830661387e-28 1.0 6.10162885286e-18 3.56108712903e-24 2.70048928701e-26 2.2036264453e-15
Doc #16: 5.73162587685e-16 7.07617720523e-18 5.54303326536e-12 4.7801147711e-07 2.43730889656e-11 0.999999518725 1.05218200239e-12 1.6457713559e-09 3.02326820731e-12 1.58409128057e-09
Doc #17: 0.0191718346635 2.84155466203e-17 3.74988020966e-09 0.938501623219 1.19390111077e-12 0.000121386750933 0.0418750700001 2.28246000842e-10 0.000330081382891 4.21540776104e-12
Doc #18: 7.16712678346e-28 1.06635773069e-33 7.91697702091e-32 8.92179682885e-18 8.17699765442e-28 9.19479956509e-25 7.31258006082e-09 0.999999992687 2.01866331723e-36 6.28235534853e-32
Doc #19: 4.13972220323e-21 2.16250217312e-17 1.98628180843e-28 2.59405134834e-31 7.73356197129e-16 3.23747690504e-13 3.5694133687e-17 2.44994051139e-21 1.0 5.95460206904e-16
Doc #20: 8.77223055347e-18 2.51527828073e-08 0.708954987045 7.35092769659e-35 4.65392262269e-32 3.8624238712e-13 5.309767658e-55 1.83379717855e-29 0.291044987802 2.47439795059e-25
Doc #21: 0.0815842969567 1.15924703542e-10 0.358892873752 4.91692783196e-13 4.82684628116e-17 4.08605848653e-17 8.7872348335e-19 0.000169858720616 0.559352970452 2.15395867164e-12
Doc #22: 5.52596205181e-07 0.0904957139981 1.85693626028e-08 1.36827920118e-05 3.88682980888e-08 0.00311259242125 1.31845933069e-10 5.43987685781e-13 0.146691515942 0.759685884681
Doc #23: 6.23098189146e-12 6.9737219821e-16 2.98426749556e-15 8.75466927909e-15 3.48051403739e-17 1.40592215723e-06 9.84435703611e-22 1.64407207392e-11 4.98590770939e-16 0.999998594055
Doc #24: 0.353025311498 9.1205630601e-25 6.02074503305e-09 0.0687820661879 0.0222254994524 2.98184420383e-15 1.94782334903e-22 2.01582806076e-20 0.555967116841 5.71669782949e-15
Doc #25: 0.09814975002 8.56385258616e-19 0.353331104456 4.67517160519e-16 0.0109463280534 3.0718427864e-07 3.06537458186e-20 1.1825191126e-16 1.20751018618e-11 0.537572510274
Doc #26: 9.99443010339e-14 1.29728985725e-11 2.68455412761e-13 3.43617411813e-18 4.1199072124e-06 0.985967764561 7.53708244846e-13 0.014028115518 5.84575182628e-16 5.31293671185e-14
Doc #27: 9.83391074591e-18 4.83338684782e-32 1.52153069943e-26 5.1881739805e-12 1.16617538207e-08 2.47826517967e-17 0.999999987738 9.80219821216e-18 8.54543935025e-24 5.94804783208e-10
Doc #28: 1.41279647036e-22 5.75097237034e-12 7.98003846434e-15 2.46685347344e-20 1.23407347203e-07 0.0856228524901 2.64803514787e-15 9.5457298559e-17 0.914340252602 3.67714949243e-05
Doc #29: 9.4222785458e-21 0.0409682500942 2.06796034574e-18 3.47091540596e-14 8.2865352205e-13 5.8590697818e-09 2.1840417283e-19 0.959031743016 4.70579006846e-13 1.02932040443e-09
Doc #30: 3.38901209072e-15 9.95009415008e-15 1.0 5.06658810448e-33 2.51219055613e-35 2.05297792838e-34 1.02858023605e-37 1.88676775685e-26 1.62303324245e-19 3.10486898474e-28
Doc #31: 5.35752542225e-15 2.25150312216e-14 3.88001629428e-28 1.28522144315e-17 1.0 1.18975263156e-30 5.48660733831e-27 9.34168566764e-35 1.08054034791e-21 1.23625775417e-24
Doc #32: 6.66847641001e-07 0.709038699581 1.91659984298e-11 1.00041878404e-11 0.0438162237894 4.49544084154e-24 5.70663096025e-32 3.36700135273e-21 0.247144409752 5.17824638292e-32
Doc #33: 0.999999999998 1.40822657211e-15 7.53583091485e-28 4.66171960666e-14 9.3599163468e-20 1.03964161764e-14 8.866971616e-35 6.02180855997e-36 2.32094268493e-12 4.76307639445e-16
Doc #34: 1.24994772372e-20 4.41824735717e-24 2.91411559172e-27 7.24514860746e-26 8.85741455156e-09 2.27407724452e-11 1.08606829676e-14 1.32103381959e-26 0.99999999112 3.80897658494e-18
Doc #35: 8.11206151296e-19 3.34084028371e-15 9.43996054303e-12 1.64699430467e-11 7.97980063609e-17 2.46692351131e-13 3.49733840705e-17 1.81348455236e-10 3.62728958845e-15 0.999999999792
Doc #36: 2.9714250306e-28 3.77936794427e-36 4.82081306136e-31 2.43829085745e-18 3.10595403912e-29 7.71445093786e-25 1.69343495166e-09 0.999999998307 3.79272568665e-39 3.19578060846e-32
Doc #37: 6.0414645583e-17 3.23473862651e-08 0.708954982624 3.01022532384e-34 2.80323111697e-32 3.8488240588e-13 2.07491460316e-55 1.934944918e-29 0.291044985028 3.80578893452e-25
Doc #38: 1.80106437215e-15 1.25909889497e-05 8.71058858164e-17 3.35814177142e-24 2.04010852742e-13 0.999941272452 2.45199248402e-12 3.1686908185e-16 4.61364703392e-05 8.59327827061e-11
Doc #39: 0.043479290454 3.0179311649e-17 1.12161974587e-13 0.557241791824 9.8326153865e-13 5.85023361637e-19 0.399221631033 5.72866882752e-05 2.18718874654e-18 5.36504048498e-17
Doc #40: 7.88086318195e-16 5.46847222033e-14 1.0 2.16965999013e-30 5.68805424826e-26 3.54771559017e-28 5.90232726877e-31 8.48122219377e-20 1.03820034309e-17 8.19953766905e-19
Doc #41: 1.94043335226e-17 3.34245885007e-19 1.0 1.17301780813e-35 1.64138361185e-34 7.39494592287e-34 5.79884521112e-30 7.70346290594e-31 9.40351477237e-24 4.76561352497e-30
Doc #42: 1.01816826908e-13 7.23407303978e-15 9.26517326302e-20 4.25444256947e-15 0.000902805302074 0.998001870414 3.59811408421e-25 1.71214719801e-07 2.38701039835e-16 0.00109515306888
Doc #43: 8.65166686659e-26 4.74564247048e-26 9.81896420488e-24 3.81147613898e-23 2.3260784114e-07 1.71787917574e-20 0.999999767392 5.89799015999e-13 1.41668837231e-26 2.04738039953e-19
Doc #44: 8.07807461961e-06 0.00124653082418 0.998743801891 2.65805083559e-19 8.11600524882e-20 2.4014391149e-22 1.58921021419e-06 3.38039139718e-19 1.16890555074e-15 2.30725874005e-25
Doc #45: 2.79300837006e-08 3.54054937495e-13 1.48370830551e-31 6.31587951851e-23 0.422443048714 2.9529196336e-31 1.49271223246e-32 3.03883358348e-32 0.577556923356 1.48461350301e-17
Doc #46: 1.49356794466e-06 5.32350361256e-10 2.29771041811e-09 0.0539290934247 0.00018227632342 0.943318851299 6.99614152866e-18 1.40418992282e-09 1.35076741809e-12 0.00256828114941
Doc #47: 6.40378857397e-11 2.04650552966e-11 0.999999999915 2.05197608496e-16 5.91842449034e-14 1.30783854604e-18 3.49804916363e-21 4.23832523907e-23 5.67755399623e-14 1.24796637303e-13
Doc #48: 2.04407685573e-15 0.894134073514 1.14055321554e-24 0.00194993668899 1.8158800981e-07 0.103914918282 8.89924257732e-07 1.36328890505e-14 2.83974590092e-12 2.51310405443e-13
Doc #49: 0.999939628308 1.58621374714e-06 5.87854364275e-05 1.2563096465e-23 1.23022823627e-22 6.65745905057e-22 1.68365472552e-23 4.18783292636e-11 2.31544240377e-19 7.56966113381e-21
Doc #50: 1.32368609398e-27 3.89266192079e-21 2.34829681081e-15 1.29345572835e-08 1.78277377346e-21 0.999999986967 9.27280366434e-21 2.8982893477e-17 2.34797930224e-17 9.82840968858e-11
Doc #51: 2.1821318398e-15 2.65399493004e-17 1.69079911158e-20 6.6981184461e-08 0.913211573682 1.82970966493e-10 1.27396789479e-10 0.0867883590262 4.10866094229e-17 4.85147047436e-15
Doc #52: 0.999869964171 0.000130015012445 2.08165499133e-08 1.45712721714e-32 3.87469654057e-28 2.07159823921e-33 2.77326502462e-20 1.59918574487e-23 5.58152042265e-25 2.23375010223e-31
Doc #53: 2.38923819672e-24 1.83807547827e-25 6.90704714676e-33 1.70720456033e-23 4.91786523885e-20 1.34892687424e-21 1.0 5.80707316164e-19 4.83490297847e-29 1.58977547581e-25
Doc #54: 3.33014907194e-07 0.999999666952 3.34940713323e-11 9.68310108582e-31 1.33382278532e-23 7.5372443786e-33 1.49370454009e-30 3.1892831221e-26 2.66449796951e-20 4.1300880066e-25
Doc #55: 1.58403790582e-09 1.7707418542e-12 4.73697966256e-11 8.87311570354e-12 2.12472301112e-15 1.76009435716e-13 3.84200669429e-22 2.89589467349e-11 2.52116783998e-15 0.999999998329
Doc #56: 0.6553740912 7.14000790708e-11 7.58635963001e-53 2.00318676856e-20 8.70653320279e-22 1.48070919353e-16 8.19249909227e-41 5.19285777666e-49 0.344625908728 1.59481286299e-27
Doc #57: 9.84490563111e-25 2.5044408359e-10 3.30163412427e-25 0.999998810175 3.73732208455e-09 2.75750943344e-09 7.79728125015e-18 8.21165456783e-23 1.01075728395e-25 1.18307971769e-06
Doc #58: 5.23462251165e-10 0.0421248408003 0.0312671869117 2.51450352866e-08 0.000549806890416 0.859468562162 3.77548676936e-05 0.0665471021342 4.72039931865e-06 1.65326479521e-10
Doc #59: 1.054379529e-21 1.0945553675e-26 5.01800887035e-22 2.7500987949e-19 1.0 3.52027705771e-22 1.35968133484e-28 2.46910992485e-29 1.08348513709e-14 2.25499743213e-26
Doc #60: 0.000161603417823 8.95451714543e-17 9.06868826241e-12 1.00556674027e-12 7.15240996668e-17 1.88520588054e-12 1.01985716797e-16 2.69977969804e-28 2.29167598462e-08 0.999838373653
Doc #61: 0.00248795410604 0.0363099702037 2.47198321562e-19 0.15597779862 0.555887747776 0.201475076943 5.34112828702e-24 2.4997386132e-10 0.0477815195275 7.99325729697e-05
Doc #62: 0.428360717318 6.85209767889e-06 5.98632957082e-07 8.09655762466e-10 1.45413677278e-20 0.571631831141 2.82261130277e-27 1.076318596e-32 2.68207053798e-17 4.89184076163e-16
Doc #63: 0.0739404527006 0.618381482021 4.6368442614e-11 0.307678064046 3.94781830507e-18 1.24923641401e-18 3.27901083832e-26 1.54625123871e-24 1.18619655091e-09 9.69808539099e-20
Doc #64: 4.28692994568e-05 1.31288059327e-10 3.39272400766e-19 0.999937054223 1.2245775692e-08 6.47257128518e-21 5.21373697465e-25 2.22521982943e-29 2.00641007849e-05 1.19343590276e-16
Doc #65: 1.66999875975e-10 7.20097968277e-07 1.58141930378e-10 2.90681389789e-16 6.59820487076e-30 1.51251244172e-05 1.09805368872e-15 1.35723920869e-05 1.22469250377e-19 0.99997058206
Doc #66: 1.43159944747e-27 0.9999999953 2.92024757953e-43 5.51104572763e-16 5.17115087567e-15 3.27551236439e-11 4.15339727668e-27 4.92427054035e-17 4.66637936795e-09 1.34858148608e-12
Doc #67: 0.836277063889 8.51448062348e-21 0.163722936103 7.63162895855e-12 1.80738899447e-20 1.86390919105e-23 8.40500499101e-37 3.86845616742e-21 3.58704689964e-13 3.73238620664e-16
Doc #68: 0.000241387556586 0.999755108549 3.68469707449e-14 1.30814923792e-28 8.43781971367e-31 1.31702068979e-09 3.10440337318e-27 2.38263275358e-17 3.50257706175e-06 3.90779664058e-14
Doc #69: 1.31454065245e-08 3.9161229302e-12 1.16686956745e-19 0.999999986831 1.14716534788e-15 1.99027949754e-11 2.33568887107e-31 4.35364243491e-18 1.95689158374e-13 7.23368526155e-17
Doc #70: 2.56073406689e-19 0.354465574149 2.80856895631e-23 6.60359465239e-23 1.27540103529e-16 6.34628023096e-29 2.25625639728e-29 5.89088916805e-28 0.645534425851 2.56502336161e-22
Doc #71: 9.77150590785e-23 2.86359103095e-06 4.63312963963e-13 2.34280811448e-13 9.55745243335e-15 9.73954442394e-09 5.38422350818e-20 0.1545467166 5.7604352115e-24 0.845450410069
Doc #72: 5.96228970467e-10 5.29705302405e-20 5.05682563357e-16 0.000698252916481 0.00439626604267 0.138911835524 4.50846089778e-13 0.377258666243 2.5163098241e-09 0.478734976161
Doc #73: 2.35495062922e-27 7.84392086486e-32 2.72725009576e-21 9.30647683983e-10 4.80258112793e-20 3.25555025266e-14 5.75533953342e-13 4.99324771859e-15 2.05781303802e-18 0.999999999069
Doc #74: 1.32698475543e-34 3.56232812226e-39 9.97023160755e-41 0.999999999999 5.88957550696e-13 1.32874248333e-27 9.88750959638e-20 2.02246251104e-29 1.11269366595e-32 3.81255969798e-20
Doc #75: 7.9994700728e-37 2.1251960638e-25 2.54723180843e-24 0.999999999997 3.32406435014e-13 3.81578520998e-20 4.08306795115e-21 5.46587200618e-23 1.93471553111e-17 2.51664886836e-12
Doc #76: 1.10723842377e-12 3.55711303531e-09 1.3632255921e-19 5.14780087547e-21 2.27979897459e-19 7.70885592524e-20 3.44936615035e-28 1.51295131877e-30 0.999999996442 2.4285677864e-21
Doc #77: 0.81974873587 0.18025126413 4.57559161663e-23 8.82261400578e-24 2.06695086017e-18 1.67817416461e-17 1.45549787553e-32 9.00990185118e-20 4.48552827097e-13 3.38239399322e-15
Doc #78: 0.498956450718 0.500485606575 1.13909820954e-16 7.96221646221e-18 4.4281244593e-15 6.1796477489e-11 2.33179541712e-24 2.29951378711e-14 0.000557942643148 1.5011195469e-12
Doc #79: 1.01689107109e-08 0.576995524278 3.15425358594e-41 0.423004465553 2.80271997917e-18 3.6184065604e-16 7.44691401661e-34 1.28627885751e-30 1.11767184729e-17 2.19088041602e-29
Doc #80: 1.30797739696e-23 2.40690102131e-26 0.820108820561 1.72418930313e-07 2.27648864483e-15 4.05323421323e-08 0.17989028938 7.66185404239e-20 6.07752025834e-07 6.93554229823e-08
Doc #81: 1.45476910706e-83 9.89318577677e-33 5.87817793701e-19 4.9973417682e-36 3.991416693e-23 8.80078248676e-16 3.77999866514e-07 8.79887770899e-12 7.59293686291e-16 0.999999621991
Doc #82: 1.21176462508e-15 6.37921872221e-16 1.60192431195e-27 1.45155261207e-17 1.0 4.58255819919e-30 4.62879088181e-27 3.30832304492e-32 1.65541628848e-21 1.47598023929e-25
Doc #83: 0.241912449041 0.000304413542535 3.41540213956e-14 0.75672327703 1.24206285695e-11 2.04639036826e-15 1.85081252419e-18 8.9337996711e-29 0.000809143629584 0.000250716744504
Doc #84: 5.27392971836e-07 3.51948335243e-22 4.02762452232e-16 0.0507647615451 9.98743016257e-08 8.39427474317e-13 2.2214720272e-33 2.19053180641e-20 0.94923461118 7.05925693242e-12
Doc #85: 5.65133945978e-05 2.11085504443e-05 2.87021913453e-12 5.27310502218e-11 3.65848241533e-25 1.32145145284e-12 7.8337953089e-22 2.40727715588e-15 0.999799448435 0.000122929562846
Doc #86: 1.93448927301e-23 4.93008838899e-14 2.93894846691e-13 4.65471024596e-22 2.84159198482e-14 9.82458042396e-11 1.90066259283e-10 8.78917823572e-11 0.819404152717 0.180595846906
Doc #87: 6.88617493158e-32 5.58115994874e-24 2.91085615642e-26 1.48126004813e-16 7.87643645893e-17 4.87054932899e-16 1.0 5.68818974326e-14 2.46360234595e-22 1.24005377477e-20
Doc #88: 0.155267308607 1.37552388074e-10 3.66347105134e-15 1.04052330638e-12 0.844696296726 2.27833877506e-11 1.70010890123e-17 1.19929831878e-06 3.51952031511e-05 4.50437350733e-12
Doc #89: 0.000505787220484 0.000132518855247 3.37343396291e-08 3.46720250773e-12 6.04376947576e-21 1.34933818087e-10 0.597868614938 0.313119285764 0.00245676472127 0.085916994628
Doc #90: 8.72924380688e-35 1.00786575174e-26 2.82994589859e-25 1.64370900449e-15 8.31296794385e-13 7.29914723568e-13 0.999921138915 4.16946114421e-10 2.12772340982e-23 7.88606664266e-05
Doc #91: 1.13546270317e-18 0.000716878363213 2.07959484659e-19 0.183346449313 1.22678496174e-20 2.09515462978e-09 1.26000028626e-09 6.16188553975e-09 0.815936662805 1.63154626856e-12
Doc #92: 1.27111283099e-18 0.0469698442162 3.22922206033e-07 0.691076681641 1.09339128536e-12 0.205125121046 3.61166315538e-08 3.81177696535e-06 0.0568241819738 3.06888838373e-10
Doc #93: 8.69703540935e-24 2.15832179046e-11 1.87695328142e-21 2.80673907392e-19 0.262158913934 0.00791298851359 5.67919971398e-14 1.72544527979e-21 0.729926370666 1.72686508112e-06
Doc #94: 0.560418768657 9.91310120843e-16 1.8423342421e-12 7.71853690179e-07 1.12427579243e-13 3.52187988891e-05 7.08029734551e-22 2.1222302078e-07 0.401017722692 0.0385273057731
Doc #95: 0.555395994209 4.71090446909e-09 3.8676809735e-14 0.13462323423 0.0762546169077 0.000348639197025 4.08427976398e-09 1.44340351625e-07 0.174048230858 0.059329131463
Doc #96: 5.12539431554e-25 1.65362368576e-09 4.05955685465e-09 2.50183371321e-08 3.4029655356e-12 0.578950729035 0.42104921286 6.34501938158e-13 1.20413739862e-15 2.73689889776e-08
Doc #97: 9.11951449371e-10 2.68708442118e-15 5.30842409197e-18 1.01183268624e-28 9.66646225121e-25 2.86070825987e-13 1.47151880772e-32 5.41729922811e-12 0.99999999908 2.67188062733e-12
Doc #98: 2.28705873813e-12 1.1677206264e-19 3.04455075068e-16 0.196676945249 0.352355827553 2.13930662166e-19 0.287306219731 0.16363262153 8.76943631743e-09 2.83771645229e-05
Doc #99: 9.14324908589e-19 4.29906060512e-23 3.33190924099e-18 7.68229482119e-11 0.116380319105 2.67548136068e-06 0.0128495017256 9.82236049328e-14 1.33352328821e-14 0.870767503611
Doc #100: 6.78089507972e-20 8.92060726252e-14 4.97253443253e-13 5.16266097249e-13 2.09275814994e-17 9.67599817991e-09 3.37491729894e-06 4.07366342246e-22 1.89355635089e-11 0.999996615387
Doc #101: 5.80317099238e-16 8.71999337265e-10 8.04717994514e-12 0.989370247781 8.17660710287e-11 1.05064350185e-19 0.0106297504805 4.32293639684e-10 1.10149379572e-16 3.44621303059e-10
Doc #102: 3.04817280903e-24 5.32745149435e-27 7.8898724258e-23 2.00254315642e-23 1.0 6.86699917501e-16 4.10802620077e-16 2.10865417874e-16 5.02994973474e-27 2.67729793307e-20
Doc #103: 5.41248006666e-12 3.16287205667e-19 1.16905632087e-11 3.98401285953e-13 1.36648470211e-19 1.96552720963e-16 4.67740275854e-23 0.999973383832 2.66161503864e-05 6.79203971217e-17
Doc #104: 4.20234673345e-15 4.21340291834e-11 3.89133560066e-11 0.157678239023 7.67306033101e-14 0.000703473525399 2.67982275622e-13 1.71980818157e-06 2.41028309649e-18 0.841616567562
Doc #105: 1.3229026488e-26 6.42601785808e-14 8.87792367333e-16 1.81877415468e-20 1.98970678789e-23 1.13387175066e-14 2.2667223618e-30 4.76318460533e-20 1.0 3.04192714157e-20
Doc #106: 1.18707836963e-10 0.066352243718 0.266864199243 5.53602953856e-07 4.5476681109e-17 1.96740400123e-13 0.54722113925 5.27173586367e-10 0.119561863539 9.27664209931e-16
Doc #107: 4.50111963085e-16 1.59627448905e-20 5.92839605179e-21 3.20073293286e-10 0.345502017901 0.654497859445 2.0336870454e-18 3.48223817602e-19 6.61421444755e-10 1.21672321676e-07
Doc #108: 9.48793357083e-24 2.0655976759e-16 0.992427935667 1.64664895305e-07 6.66356900006e-21 0.00726761248304 2.49627112901e-19 0.000301972315385 5.86396917276e-11 2.31481137531e-06
Doc #109: 0.00861991510847 6.39203228079e-18 5.1420724531e-09 0.703411903434 8.90646836364e-18 3.0873703413e-18 0.287967612796 5.63519513197e-07 2.38323830424e-14 1.17157322305e-17
Doc #110: 1.08501110964e-17 6.5285017684e-18 3.43524949106e-12 0.999999541884 1.50482928084e-11 6.02891966472e-10 4.46564202946e-07 2.95748683624e-11 2.10251157285e-10 1.06901484891e-08
Doc #111: 0.0110095279743 9.9140507771e-11 6.18969351571e-07 0.133106056511 0.653365115013 1.86430745366e-05 0.137953883435 0.0619614883727 0.00258403958903 6.26962105433e-07
Doc #112: 0.0209215195427 1.0713061218e-14 1.02836646197e-14 1.54286767876e-06 0.979074431561 2.08550394073e-06 6.47910941661e-16 1.99790063092e-12 2.28670801152e-14 4.20522749979e-07
Doc #113: 9.23335523241e-09 0.0781242097935 1.18181065751e-09 1.82136536366e-06 4.93990502039e-22 1.61768764231e-18 5.220105108e-18 2.17866876792e-31 0.921873958426 1.84569703711e-13
Doc #114: 4.39326769631e-16 1.19099075755e-18 1.60523392934e-16 7.92762699206e-20 0.0173137653548 2.99273103685e-08 1.47017059901e-10 1.3582124887e-18 6.1706303316e-13 0.98268620457
Doc #115: 9.48414210699e-13 1.58773934034e-15 2.06978209808e-11 2.05144141487e-09 2.50586987953e-08 0.264152572628 7.53629307502e-08 1.27062905021e-12 4.19567515629e-08 0.735847282919
Doc #116: 1.41999394743e-06 0.0066233349656 9.65156044384e-14 3.60228194827e-08 0.0962330662962 1.97615457939e-11 0.0213743352951 6.87392476752e-25 3.12664254616e-11 0.875767807375
Doc #117: 1.13570503865e-08 0.0254592470175 7.41052408533e-19 0.875482647628 4.68560536662e-13 1.1558057539e-11 6.89588530652e-10 2.48172766001e-14 0.0990580789153 1.43803669013e-08
Doc #118: 9.77531443765e-16 0.00042769304389 4.49218036818e-10 1.01593318998e-05 0.00294933993865 0.389609829406 4.90648123033e-12 0.406019501583 3.27686057381e-07 0.200983148556
Doc #119: 3.32854944135e-05 0.0377059130419 1.89368939739e-08 2.35350079327e-11 0.278110037109 0.0187025334771 0.00885530135883 0.0322482923886 1.40501309159e-06 0.624343213156
Doc #120: 0.830456296971 0.168982777907 6.42452316382e-21 7.69560372238e-08 3.12757466448e-22 5.76100001865e-10 2.61754647998e-24 4.87590207347e-18 0.000560847589139 2.57038636656e-17
Doc #121: 1.8380163662e-20 0.709252707294 1.26930857141e-09 0.000331881783443 0.00144396407247 0.000907267774874 1.32234558932e-09 9.29408727149e-05 1.55738045827e-06 0.28796967823
Doc #122: 6.49277697747e-30 6.32016938756e-29 5.62439038559e-30 3.13282156465e-24 0.0692497608574 1.15752438609e-30 0.930750239143 9.53390001288e-28 7.63176393014e-28 7.45003846749e-21
Doc #123: 2.81887883845e-11 2.73631750104e-07 4.33589414738e-06 8.28672129356e-15 0.351671961452 5.29065663656e-11 1.79848057606e-15 0.0169808210311 5.2516935958e-16 0.63134260791
Doc #124: 2.47558309366e-27 1.81554287316e-24 6.60937249966e-20 3.77125996273e-23 0.963964026789 5.2188902316e-12 0.0360359732025 1.05775721559e-18 3.48850354147e-12 3.50780506919e-18
Doc #125: 6.94514840048e-21 1.87110735047e-21 1.10791743107e-27 1.28406471915e-12 1.26478351394e-17 1.00931378261e-16 7.61669158286e-12 0.99999999991 3.33402195379e-28 8.06771091888e-11
Doc #126: 1.80018084947e-28 4.50830956155e-18 1.09821982596e-07 0.999999887017 2.53322472504e-15 1.17578486374e-09 9.81699123381e-22 1.15374513204e-20 1.55599067868e-09 4.29730144536e-10
Doc #127: 3.26145123951e-17 1.75594608638e-19 1.0 1.13766158113e-36 3.24166628663e-34 2.01902478795e-34 1.96077423247e-31 2.22413022358e-31 2.65467337969e-24 1.20419496266e-30
Doc #128: 4.85632060786e-12 9.05200815997e-16 9.13960145486e-14 9.77012594904e-05 0.378240427809 1.64590274063e-12 0.152775498712 0.208076107736 0.000129882888102 0.260680381588
Doc #129: 0.274503117212 1.2363634626e-18 0.0256225808458 0.142284067751 0.000293545692977 8.75590571871e-11 1.33851384574e-13 1.34544320266e-11 0.557289444699 7.24369806131e-06
Doc #130: 1.16581595761e-14 9.28715127954e-20 1.15850302416e-16 0.863351768256 6.21144417457e-15 6.80904751234e-10 0.136648225593 5.47024860883e-09 5.09229403281e-20 2.66651081672e-19
Doc #131: 2.81183317067e-14 1.58846139381e-13 1.49472711212e-08 3.21036392605e-07 1.17118132924e-05 0.243002059946 3.60433178601e-09 0.0025107414649 0.730509389131 0.0239657580564
Doc #132: 2.65864349972e-16 4.46383223925e-17 8.31914839827e-13 0.999998509187 1.6484555579e-20 9.825120684e-12 2.03549415655e-08 6.43240355113e-11 3.7434953925e-15 1.47038278867e-06
Doc #133: 9.93282883661e-05 1.51890055963e-12 0.994606171718 1.69656883585e-19 8.93434712711e-20 6.86510272383e-16 0.00529449999251 4.49639803139e-14 1.86089413618e-15 3.51578410338e-17
Doc #134: 0.000180183420054 0.000443679561743 0.999376137018 2.53785128626e-35 4.76704908703e-35 7.44118378765e-29 3.879050543e-33 3.34766802114e-28 1.22119159973e-18 5.6096295732e-30
Doc #135: 0.170014132473 0.384259977374 2.88552776841e-27 2.25118557757e-20 0.000332200902239 3.37957196069e-19 3.84431707787e-29 3.41482460994e-09 0.445393685836 1.61504083075e-16
Doc #136: 5.80021761519e-17 5.92608030929e-22 3.91211539631e-15 6.89941590361e-14 1.8459610471e-22 2.18716532943e-12 0.997374038502 8.45047286405e-11 1.4855225465e-11 0.0026259613967
Doc #137: 3.1029464559e-05 1.23985898607e-09 2.49783166057e-22 1.77925274302e-13 2.53060905645e-20 8.03263429063e-11 6.17671748463e-22 1.02144476687e-25 0.999968969215 4.74271750356e-15
Doc #138: 1.29410149602e-30 6.87542266926e-38 1.02695850821e-36 1.25794359173e-23 7.65240462143e-39 2.1506085206e-28 1.79878230305e-37 1.0 3.43376431879e-37 5.72739731481e-22
Doc #139: 0.244134999804 3.55074734744e-07 0.00130984400875 0.754356128792 2.64369884344e-26 1.33317486695e-15 9.5213487933e-10 7.28997371315e-17 9.71873244287e-12 0.000198671358589
Doc #140: 0.779487429323 4.29621244432e-09 0.0592529044747 1.91115649818e-26 6.73080592668e-19 3.7952402029e-20 2.08195993548e-09 0.160961917419 0.000297742405216 2.81251251458e-23
Doc #141: 0.154076574658 0.000347867613598 0.845575557728 5.19615111592e-29 1.82584376307e-32 9.63333627683e-26 1.15210537757e-25 3.19099455854e-19 2.76818919589e-18 1.60451861203e-25
Doc #142: 5.00845108503e-16 3.4830873342e-18 9.68010442538e-13 0.999999611924 5.75480618945e-21 1.27010415062e-09 1.76691432041e-17 3.76809765008e-21 3.16775851035e-20 3.86805019692e-07
Doc #143: 5.91931517104e-27 2.09806225604e-23 7.15990992785e-23 2.03112544414e-13 3.99992835621e-15 1.42694131985e-06 0.999998573058 5.60979790553e-14 2.72844430021e-16 3.30594992836e-17
Doc #144: 0.205409298456 0.783948447853 0.0106422536505 9.98939295635e-15 4.08819927942e-19 1.05512641525e-15 3.08624428069e-25 4.70989202044e-12 3.58545247227e-11 9.81310324208e-20
Doc #145: 0.236093607297 0.0419558097632 0.20717346632 4.61448734303e-13 1.75487605814e-11 7.53640386689e-11 1.19030168376e-21 0.174108355516 0.340668761011 3.39800732456e-20
Doc #146: 7.85197321272e-06 0.00273307555188 0.996718128165 1.72862656259e-27 1.7779927814e-13 4.43478724865e-16 4.78035093815e-29 0.000540944296658 1.31353992363e-11 6.96901347617e-15
Doc #147: 1.44137760264e-16 1.84873895096e-09 1.22916045905e-08 3.18660791782e-13 7.1366591059e-07 0.980235900637 7.35260948362e-12 1.70317458589e-12 0.0197633715479 1.60180425807e-14
Doc #148: 4.21441705828e-24 4.55404121186e-31 1.0536178064e-25 2.07558452716e-20 5.51832565217e-21 1.52659824062e-18 1.0 7.54364349091e-21 1.2338543942e-26 7.86301423305e-22
Doc #149: 9.77253903777e-10 4.43136294313e-12 0.999999993165 2.38708922936e-14 5.792744262e-09 9.99306718078e-17 2.14172433323e-21 1.97189726603e-18 7.65849044825e-12 5.30289437629e-11
Doc #150: 1.09608661817e-05 0.999989009797 1.898224439e-33 3.76903156318e-15 8.69393655117e-19 1.99895655167e-28 1.74126142538e-30 1.73921372035e-20 4.57055652252e-12 2.93319843642e-08
Doc #151: 0.000153576648522 0.999846423325 3.78393365356e-16 5.5775189185e-22 1.10816059899e-23 2.61354240283e-11 6.26637966442e-33 1.63377155006e-20 1.90033341185e-16 4.74444041606e-14
Doc #152: 0.000214091639015 2.71332976853e-09 2.10468447738e-11 0.000507184194069 0.53851288165 0.0313724220089 3.13329748189e-06 0.210820476412 1.57464729385e-05 0.218554061592
Doc #153: 1.08228089476e-14 0.151491737422 0.153511453328 0.217438726289 0.141197922599 9.17411980001e-10 1.72388496813e-18 6.5662327543e-10 0.336266282759 9.38760298371e-05
Doc #154: 9.07071202215e-21 2.68518921286e-19 6.68530270845e-15 1.67208289913e-23 1.29301489943e-22 2.08504986882e-17 1.9049422534e-20 3.71732528381e-06 0.999996282675 2.06543341694e-19
Doc #155: 0.878505460824 0.121492510711 3.02873715623e-08 1.99012984944e-06 2.60342128845e-12 5.01154649787e-11 5.24083484168e-09 1.70775243873e-09 5.79144804911e-12 1.04071580072e-09
Doc #156: 0.999999999569 2.04342630766e-15 4.30948292037e-10 2.12979619831e-36 1.34314933006e-23 4.71557454578e-27 3.00092103527e-19 6.98697052314e-17 3.87561106331e-29 1.25421305064e-28
Doc #157: 0.99847548218 0.00128463987849 0.00023987794114 1.38312796781e-26 1.05418789957e-32 2.91880767551e-22 1.69141549686e-28 3.44489818211e-20 3.08262529235e-18 2.35915755967e-26
Doc #158: 3.54191758434e-14 1.21702535598e-19 4.93805586167e-14 3.17745876521e-19 1.7005272053e-16 1.41894080919e-19 1.42009825444e-17 3.36282993478e-06 0.99999663717 1.88985559552e-20
Doc #159: 0.999999076719 1.35998275405e-14 9.23280525161e-07 9.77921682515e-36 2.98353475194e-31 2.87936440695e-24 1.80901383481e-26 6.57440076614e-15 9.54498866116e-25 1.58436361323e-28
Doc #160: 4.63226994573e-17 1.14521866835e-19 2.39308497883e-22 5.72615173371e-19 7.54876225085e-09 7.80588401931e-17 0.999999992325 2.62417145037e-23 4.14650225382e-17 1.25992748568e-10
Doc #161: 0.674233443942 0.26993686649 0.0558296836976 2.73466468175e-17 1.15980664671e-23 8.12707050954e-29 9.40936308242e-30 5.87044302373e-09 7.74149591083e-15 3.65576179329e-22
Doc #162: 4.99133027395e-29 1.14162253029e-39 4.35923070756e-35 4.55829725054e-24 1.87204980119e-30 5.33448661575e-30 1.07727948449e-38 1.0 5.97217240121e-29 8.88157567733e-19
Doc #163: 0.00551056330457 5.69378401381e-06 2.3923251313e-08 3.50129344225e-08 8.08130032175e-15 4.83138603408e-09 2.16867148551e-11 0.248917885202 0.6184169637 0.12714883022
Doc #164: 0.153911972838 0.000224415209063 1.478336948e-14 0.845863611952 3.27448377117e-21 1.02419202948e-28 1.46528329799e-23 6.27907441299e-26 1.91203058262e-14 2.96993790489e-13
Doc #165: 7.85054738067e-14 4.03929568439e-20 2.64008783059e-15 1.50826172392e-20 0.0808948849229 0.91909631462 2.52810594974e-14 7.44274785654e-13 5.00967903706e-08 8.75035933112e-06
Doc #166: 0.998815374579 0.0011846218049 3.61578411998e-09 1.76371946203e-35 1.07822586452e-30 4.04720967077e-35 2.58026785354e-21 1.17262848309e-23 2.30019962763e-24 5.56425175722e-32
Doc #167: 1.83077120242e-25 3.12778620479e-24 3.64037616318e-16 5.24535983926e-16 6.80279421903e-12 2.21052024217e-10 4.70787225834e-12 0.877626976921 1.90597366366e-06 0.122371116872
Doc #168: 3.77946447209e-06 0.215532656292 0.236620397478 3.14958444348e-24 1.53184970607e-13 0.0979442559613 3.82878345421e-19 9.28881825011e-22 0.449898910804 5.87489760025e-14
Doc #169: 0.720174877978 0.27918249095 0.000642631022711 3.62920819806e-18 2.50117533492e-23 8.06893224218e-23 9.26064161081e-16 4.88725189376e-11 5.37896408283e-14 1.13737475316e-16
Doc #170: 1.28543582977e-17 3.73841840086e-12 4.08975554033e-12 1.30426657798e-16 0.00176391625886 0.998236083731 6.8847600769e-20 1.85640845353e-12 1.20174704053e-17 3.4955182788e-15
Doc #171: 5.66123426444e-11 0.128150452015 5.29910732407e-06 0.0739128864399 4.94248571609e-06 3.02802117212e-13 2.65109664149e-14 5.32381055627e-12 0.773396258906 0.0245301609833
Doc #172: 0.0412985567719 0.386043649109 2.58237824893e-15 2.10779201185e-16 2.48741775575e-17 8.54806678085e-15 2.59480131794e-09 9.15826870365e-30 0.572657791524 1.56497558927e-20
Doc #173: 0.0821581612468 7.23519062727e-15 1.10518120752e-05 3.3297007295e-05 0.131732585074 0.786064857883 7.37256591058e-10 1.62596203079e-14 7.17492028694e-11 4.61682964858e-08
Doc #174: 3.99863722768e-05 1.23274530238e-13 3.236966669e-12 4.46849729658e-09 1.49555888401e-18 1.47323766847e-09 1.03911718824e-29 3.6679918548e-30 0.999960007681 1.45419243156e-12
Doc #175: 8.20473225553e-26 6.12155158408e-23 7.22401756029e-24 4.98132526797e-21 1.0 4.42838101417e-20 4.78273288776e-14 2.15722250161e-28 8.56021582635e-22 1.99097526279e-18
Doc #176: 9.97744436713e-15 1.0 2.53965418892e-19 3.82083218902e-28 5.87038619369e-27 3.77645739669e-26 4.64740881903e-28 8.81274246821e-28 3.65320875156e-22 1.42616956197e-23
Doc #177: 8.738742758e-08 0.999999912613 2.46818438983e-19 2.27935864009e-24 2.04451818524e-18 1.91020703366e-18 8.96755011772e-35 1.59060525779e-37 5.81862856044e-23 3.84554162769e-28
Doc #178: 9.59643408172e-10 0.99999999904 4.21301298496e-17 2.78567089992e-24 6.23937986608e-31 3.7546401641e-30 1.71045794723e-30 2.03381184126e-25 3.79290396424e-27 4.42955835635e-35
Doc #179: 8.35446026171e-14 0.246691474219 2.63300283062e-29 5.06225399177e-26 4.64117266995e-17 5.30104291325e-21 1.24132246962e-25 2.37419280968e-13 0.753308525781 4.21488929526e-23
Doc #180: 8.69035319857e-06 0.350719653008 1.33567620319e-24 1.70731454655e-08 0.141329951842 0.461151205975 6.87852323094e-22 1.99479862869e-12 0.0467904817461 2.5551674553e-15
Doc #181: 0.33154049788 0.492688194566 0.000131958379877 3.77308008007e-16 7.19146272289e-09 9.4400614006e-11 4.70750680713e-23 5.30177479469e-07 0.17563881171 7.05101852024e-19
Doc #182: 9.25248252247e-09 0.999999990747 2.63425757827e-14 1.45815333747e-27 3.16752712289e-30 2.04105764227e-21 1.68246546768e-25 2.17343607802e-20 1.94334381352e-21 1.01511103555e-28
Doc #183: 0.168590014196 0.0263975143344 3.93401418002e-08 2.44066290939e-10 4.9721719256e-15 2.4100841153e-24 1.15218448624e-36 7.07013504725e-33 3.07786208254e-08 0.805012401106
Doc #184: 0.643650499056 0.0718764461551 1.40340148818e-37 4.10531772496e-15 3.781067731e-20 4.23420796051e-20 3.9339784705e-39 3.69931071204e-39 0.284473054789 6.32642510006e-28
Doc #185: 1.8608206881e-29 1.58475391215e-34 7.10016154202e-46 2.04488763167e-21 0.999999999975 3.28757189872e-21 2.28117819673e-12 2.23418635164e-11 2.93690553122e-22 1.1022620756e-18
Doc #186: 3.19979157233e-09 9.20342457415e-09 1.89539755113e-06 1.51488374558e-08 2.45703491676e-11 2.35355224047e-05 0.00713889636195 0.0270492614275 0.812599835953 0.153186547761
Doc #187: 1.19730176725e-07 0.0266141051774 4.95765844348e-08 1.19941655539e-12 8.02321610206e-15 2.40133446505e-06 7.13532429807e-14 0.212762494531 0.147184367501 0.613436462148
Doc #188: 0.999999999997 2.13862893977e-24 6.56850869581e-17 5.10547173129e-16 2.82813965259e-15 4.43570013668e-14 1.96252977054e-25 3.13335679976e-29 2.66605779886e-12 6.77419141985e-13
Doc #189: 3.31983862214e-11 0.154222990023 4.2735608802e-19 7.38216927479e-09 9.34194381411e-18 7.86130674562e-13 7.58869521551e-12 7.23697097795e-20 1.02968312505e-07 0.845776899585
