0.00102880658436 0.00308641975309 0.00102880658436 0.00308641975309 0.00720164609053 0.00514403292181 0.935185185185 0.00102880658436 0.00102880658436 0.00102880658436 0.00102880658436 0.00720164609053 0.00102880658436 0.00102880658436 0.00102880658436 0.00102880658436 0.00102880658436 0.0257201646091 0.00102880658436 0.00102880658436 
0.00107066381156 0.0224839400428 0.00107066381156 0.0910064239829 0.00107066381156 0.00107066381156 0.662740899358 0.00321199143469 0.00107066381156 0.00107066381156 0.00107066381156 0.00107066381156 0.00107066381156 0.00107066381156 0.0117773019272 0.00107066381156 0.00107066381156 0.189507494647 0.00535331905782 0.00107066381156 
0.00065274151436 0.00065274151436 0.00065274151436 0.00195822454308 0.00065274151436 0.00065274151436 0.975848563969 0.00065274151436 0.00065274151436 0.00065274151436 0.00065274151436 0.00195822454308 0.00065274151436 0.00065274151436 0.00718015665796 0.00065274151436 0.00065274151436 0.00195822454308 0.00195822454308 0.00065274151436 
0.000748502994012 0.000748502994012 0.00523952095808 0.580089820359 0.000748502994012 0.00224550898204 0.0875748502994 0.000748502994012 0.00224550898204 0.000748502994012 0.00523952095808 0.000748502994012 0.000748502994012 0.000748502994012 0.00224550898204 0.000748502994012 0.00224550898204 0.172904191617 0.000748502994012 0.13248502994 
0.00115473441109 0.158198614319 0.00115473441109 0.71247113164 0.00115473441109 0.00115473441109 0.00115473441109 0.00115473441109 0.00115473441109 0.00115473441109 0.00115473441109 0.102771362587 0.00115473441109 0.00115473441109 0.00115473441109 0.00115473441109 0.00346420323326 0.00577367205543 0.00115473441109 0.00115473441109 
0.00106382978723 0.135106382979 0.00106382978723 0.65 0.00106382978723 0.00106382978723 0.00106382978723 0.00106382978723 0.00106382978723 0.00106382978723 0.00106382978723 0.196808510638 0.00106382978723 0.00106382978723 0.00106382978723 0.00106382978723 0.00106382978723 0.00106382978723 0.00106382978723 0.00106382978723 
0.000673854447439 0.0963611859838 0.00202156334232 0.814690026954 0.00202156334232 0.000673854447439 0.0114555256065 0.000673854447439 0.000673854447439 0.000673854447439 0.000673854447439 0.0559299191375 0.000673854447439 0.00202156334232 0.000673854447439 0.000673854447439 0.00202156334232 0.0033692722372 0.0033692722372 0.000673854447439 
0.00414364640884 0.017955801105 0.00690607734807 0.816298342541 0.00414364640884 0.00138121546961 0.0759668508287 0.00138121546961 0.00138121546961 0.00138121546961 0.00138121546961 0.0511049723757 0.00414364640884 0.00138121546961 0.00138121546961 0.00138121546961 0.00138121546961 0.00138121546961 0.00414364640884 0.00138121546961 
0.002 0.182 0.002 0.57 0.002 0.002 0.03 0.002 0.002 0.006 0.002 0.162 0.006 0.002 0.002 0.006 0.002 0.006 0.01 0.002 
0.000954198473282 0.000954198473282 0.000954198473282 0.0772900763359 0.000954198473282 0.00667938931298 0.886450381679 0.000954198473282 0.000954198473282 0.000954198473282 0.000954198473282 0.00477099236641 0.000954198473282 0.00286259541985 0.00286259541985 0.00286259541985 0.000954198473282 0.00477099236641 0.000954198473282 0.000954198473282 
0.000862068965517 0.000862068965517 0.000862068965517 0.0663793103448 0.000862068965517 0.000862068965517 0.354310344828 0.000862068965517 0.000862068965517 0.000862068965517 0.000862068965517 0.55775862069 0.00258620689655 0.00258620689655 0.000862068965517 0.00258620689655 0.000862068965517 0.00258620689655 0.000862068965517 0.000862068965517 
0.00130548302872 0.142297650131 0.00130548302872 0.635770234987 0.00130548302872 0.00130548302872 0.0953002610966 0.00391644908616 0.00130548302872 0.00130548302872 0.00130548302872 0.097911227154 0.0065274151436 0.00130548302872 0.00130548302872 0.00130548302872 0.00130548302872 0.00130548302872 0.00130548302872 0.00130548302872 
0.000965250965251 0.000965250965251 0.000965250965251 0.17471042471 0.000965250965251 0.000965250965251 0.555019305019 0.000965250965251 0.000965250965251 0.000965250965251 0.000965250965251 0.21332046332 0.000965250965251 0.0125482625483 0.00482625482625 0.000965250965251 0.000965250965251 0.0260617760618 0.000965250965251 0.000965250965251 
0.00147928994083 0.14349112426 0.00147928994083 0.797337278107 0.00147928994083 0.00147928994083 0.0103550295858 0.00147928994083 0.00147928994083 0.00147928994083 0.00147928994083 0.0251479289941 0.00147928994083 0.00147928994083 0.00147928994083 0.00147928994083 0.00147928994083 0.00147928994083 0.00147928994083 0.00147928994083 
0.00166112956811 0.111295681063 0.00166112956811 0.779069767442 0.00166112956811 0.00166112956811 0.0182724252492 0.00166112956811 0.00166112956811 0.00166112956811 0.00166112956811 0.0548172757475 0.00166112956811 0.00166112956811 0.00166112956811 0.00166112956811 0.00166112956811 0.0116279069767 0.00166112956811 0.00166112956811 
0.00110619469027 0.0033185840708 0.00110619469027 0.0696902654867 0.00553097345133 0.0033185840708 0.00110619469027 0.00110619469027 0.00110619469027 0.00110619469027 0.00110619469027 0.894911504425 0.00110619469027 0.00110619469027 0.00110619469027 0.0033185840708 0.0033185840708 0.00110619469027 0.0033185840708 0.00110619469027 
0.00108695652174 0.00326086956522 0.00108695652174 0.520652173913 0.00108695652174 0.00326086956522 0.0054347826087 0.00108695652174 0.00108695652174 0.00326086956522 0.00108695652174 0.00108695652174 0.00108695652174 0.00108695652174 0.00108695652174 0.00108695652174 0.00108695652174 0.444565217391 0.00326086956522 0.00326086956522 
0.000693481276006 0.00346740638003 0.000693481276006 0.637309292649 0.000693481276006 0.00624133148405 0.255894590846 0.00208044382802 0.00208044382802 0.00208044382802 0.00346740638003 0.000693481276006 0.000693481276006 0.000693481276006 0.000693481276006 0.000693481276006 0.0797503467406 0.000693481276006 0.000693481276006 0.000693481276006 
0.000408830744072 0.0380212591987 0.000408830744072 0.0445625511038 0.000408830744072 0.000408830744072 0.353638593622 0.000408830744072 0.00122649223222 0.000408830744072 0.000408830744072 0.268601798855 0.000408830744072 0.000408830744072 0.000408830744072 0.000408830744072 0.000408830744072 0.287408013083 0.000408830744072 0.00122649223222 
0.00877192982456 0.16081871345 0.00292397660819 0.611111111111 0.00292397660819 0.00292397660819 0.114035087719 0.00292397660819 0.00292397660819 0.00292397660819 0.00292397660819 0.0438596491228 0.00292397660819 0.00292397660819 0.00292397660819 0.00292397660819 0.00292397660819 0.0204678362573 0.00292397660819 0.00292397660819 
0.00328947368421 0.00328947368421 0.0164473684211 0.299342105263 0.00328947368421 0.00328947368421 0.00986842105263 0.00328947368421 0.00986842105263 0.00328947368421 0.00328947368421 0.509868421053 0.00328947368421 0.00328947368421 0.00328947368421 0.00328947368421 0.00328947368421 0.0888157894737 0.00328947368421 0.0230263157895 
0.000848896434635 0.000848896434635 0.000848896434635 0.275891341256 0.000848896434635 0.000848896434635 0.289473684211 0.000848896434635 0.0025466893039 0.0025466893039 0.000848896434635 0.416808149406 0.000848896434635 0.000848896434635 0.000848896434635 0.000848896434635 0.000848896434635 0.000848896434635 0.000848896434635 0.000848896434635 
0.0016339869281 0.0016339869281 0.0016339869281 0.233660130719 0.0016339869281 0.0016339869281 0.0212418300654 0.0016339869281 0.0016339869281 0.0016339869281 0.0016339869281 0.717320261438 0.0016339869281 0.0016339869281 0.0016339869281 0.0016339869281 0.0016339869281 0.0016339869281 0.0016339869281 0.0016339869281 
0.00828729281768 0.00276243093923 0.00276243093923 0.903314917127 0.00828729281768 0.00276243093923 0.00828729281768 0.00276243093923 0.00276243093923 0.00276243093923 0.00276243093923 0.00828729281768 0.00276243093923 0.00276243093923 0.00276243093923 0.00828729281768 0.0138121546961 0.00276243093923 0.00276243093923 0.00828729281768 
0.000998003992016 0.000998003992016 0.000998003992016 0.60379241517 0.00299401197605 0.000998003992016 0.00499001996008 0.000998003992016 0.000998003992016 0.000998003992016 0.000998003992016 0.36626746507 0.000998003992016 0.000998003992016 0.000998003992016 0.000998003992016 0.000998003992016 0.00698602794411 0.000998003992016 0.000998003992016 
0.0020325203252 0.0020325203252 0.0020325203252 0.0223577235772 0.0020325203252 0.00609756097561 0.928861788618 0.0020325203252 0.0020325203252 0.00609756097561 0.0020325203252 0.0020325203252 0.0020325203252 0.0020325203252 0.0020325203252 0.0020325203252 0.0020325203252 0.00609756097561 0.0020325203252 0.0020325203252 
0.0011135857461 0.0011135857461 0.0011135857461 0.0412026726058 0.0011135857461 0.0011135857461 0.76280623608 0.0011135857461 0.0011135857461 0.0011135857461 0.0011135857461 0.00779510022272 0.0011135857461 0.0011135857461 0.163697104677 0.0011135857461 0.0011135857461 0.00779510022272 0.0011135857461 0.0011135857461 
0.00135501355014 0.00135501355014 0.00406504065041 0.00406504065041 0.00135501355014 0.00948509485095 0.822493224932 0.00135501355014 0.10433604336 0.00135501355014 0.00677506775068 0.00406504065041 0.00135501355014 0.00135501355014 0.00135501355014 0.00135501355014 0.00135501355014 0.0230352303523 0.00135501355014 0.00677506775068 
0.00191326530612 0.000637755102041 0.000637755102041 0.883290816327 0.000637755102041 0.000637755102041 0.00446428571429 0.000637755102041 0.000637755102041 0.000637755102041 0.000637755102041 0.09375 0.0031887755102 0.000637755102041 0.000637755102041 0.000637755102041 0.0031887755102 0.000637755102041 0.00191326530612 0.000637755102041 
0.00568181818182 0.00568181818182 0.00568181818182 0.5625 0.00568181818182 0.00568181818182 0.0625 0.00568181818182 0.00568181818182 0.00568181818182 0.00568181818182 0.130681818182 0.00568181818182 0.00568181818182 0.0284090909091 0.00568181818182 0.00568181818182 0.00568181818182 0.130681818182 0.00568181818182 
0.00337837837838 0.0236486486486 0.00337837837838 0.746621621622 0.0101351351351 0.00337837837838 0.0777027027027 0.00337837837838 0.0101351351351 0.00337837837838 0.00337837837838 0.0168918918919 0.0101351351351 0.00337837837838 0.00337837837838 0.00337837837838 0.0101351351351 0.0506756756757 0.0101351351351 0.00337837837838 
0.00574712643678 0.00574712643678 0.00574712643678 0.00574712643678 0.0172413793103 0.0172413793103 0.867816091954 0.00574712643678 0.00574712643678 0.00574712643678 0.00574712643678 0.00574712643678 0.00574712643678 0.00574712643678 0.00574712643678 0.00574712643678 0.00574712643678 0.00574712643678 0.00574712643678 0.00574712643678 
0.00067842605156 0.00067842605156 0.00067842605156 0.297829036635 0.00067842605156 0.00067842605156 0.303256445047 0.00067842605156 0.00067842605156 0.00067842605156 0.00067842605156 0.386024423338 0.00067842605156 0.00067842605156 0.00067842605156 0.00067842605156 0.00067842605156 0.00067842605156 0.00067842605156 0.00203527815468 
0.0018115942029 0.0054347826087 0.0018115942029 0.686594202899 0.0018115942029 0.0018115942029 0.186594202899 0.0018115942029 0.0018115942029 0.0054347826087 0.0018115942029 0.0815217391304 0.0018115942029 0.0018115942029 0.0018115942029 0.0018115942029 0.0018115942029 0.0054347826087 0.0018115942029 0.0054347826087 
0.0124816446402 0.00220264317181 0.000734214390602 0.196035242291 0.000734214390602 0.000734214390602 0.104992657856 0.00220264317181 0.000734214390602 0.000734214390602 0.000734214390602 0.00367107195301 0.000734214390602 0.00513950073421 0.000734214390602 0.00220264317181 0.000734214390602 0.662995594714 0.000734214390602 0.000734214390602 
0.00121951219512 0.00121951219512 0.00121951219512 0.657317073171 0.00121951219512 0.00121951219512 0.215853658537 0.00121951219512 0.00121951219512 0.00121951219512 0.00121951219512 0.0865853658537 0.00121951219512 0.00121951219512 0.00121951219512 0.00121951219512 0.00121951219512 0.0158536585366 0.00121951219512 0.00609756097561 
0.00274725274725 0.00274725274725 0.00274725274725 0.766483516484 0.00274725274725 0.145604395604 0.0412087912088 0.00274725274725 0.00274725274725 0.00274725274725 0.00274725274725 0.00274725274725 0.00274725274725 0.00274725274725 0.00274725274725 0.00274725274725 0.00274725274725 0.00274725274725 0.00274725274725 0.00274725274725 
0.00130890052356 0.00130890052356 0.00130890052356 0.888743455497 0.00130890052356 0.00130890052356 0.00916230366492 0.00130890052356 0.0065445026178 0.00130890052356 0.00130890052356 0.053664921466 0.00130890052356 0.00392670157068 0.00130890052356 0.00392670157068 0.00392670157068 0.0143979057592 0.00130890052356 0.00130890052356 
0.0170454545455 0.00568181818182 0.0170454545455 0.0511363636364 0.00568181818182 0.00568181818182 0.767045454545 0.0170454545455 0.00568181818182 0.00568181818182 0.00568181818182 0.0170454545455 0.00568181818182 0.00568181818182 0.00568181818182 0.0170454545455 0.00568181818182 0.0284090909091 0.00568181818182 0.00568181818182 
0.0010752688172 0.0010752688172 0.0010752688172 0.0290322580645 0.0010752688172 0.0010752688172 0.760215053763 0.00322580645161 0.00322580645161 0.0010752688172 0.0010752688172 0.00537634408602 0.0010752688172 0.0010752688172 0.177419354839 0.0010752688172 0.0010752688172 0.00322580645161 0.0010752688172 0.00537634408602 
0.0015015015015 0.0045045045045 0.0015015015015 0.0825825825826 0.0045045045045 0.0015015015015 0.0825825825826 0.0045045045045 0.0015015015015 0.0015015015015 0.0015015015015 0.512012012012 0.0015015015015 0.0015015015015 0.0015015015015 0.0045045045045 0.0015015015015 0.136636636637 0.0015015015015 0.151651651652 
0.00215517241379 0.00215517241379 0.00215517241379 0.747844827586 0.00646551724138 0.20474137931 0.00646551724138 0.00215517241379 0.00215517241379 0.00215517241379 0.00215517241379 0.00215517241379 0.00215517241379 0.00215517241379 0.00215517241379 0.00215517241379 0.00215517241379 0.00215517241379 0.00215517241379 0.00215517241379 
0.00438596491228 0.0131578947368 0.00438596491228 0.0921052631579 0.00438596491228 0.00438596491228 0.635964912281 0.0131578947368 0.0131578947368 0.0131578947368 0.00438596491228 0.0131578947368 0.0131578947368 0.0394736842105 0.00438596491228 0.00438596491228 0.00438596491228 0.100877192982 0.0131578947368 0.00438596491228 
0.0252525252525 0.0151515151515 0.00505050505051 0.570707070707 0.00505050505051 0.00505050505051 0.0656565656566 0.0454545454545 0.0151515151515 0.00505050505051 0.106060606061 0.00505050505051 0.00505050505051 0.00505050505051 0.0151515151515 0.0151515151515 0.00505050505051 0.0757575757576 0.00505050505051 0.00505050505051 
0.000924214417745 0.000924214417745 0.000924214417745 0.219038817006 0.00462107208872 0.000924214417745 0.31146025878 0.000924214417745 0.000924214417745 0.000924214417745 0.000924214417745 0.448243992606 0.000924214417745 0.000924214417745 0.000924214417745 0.000924214417745 0.00277264325323 0.000924214417745 0.000924214417745 0.000924214417745 
0.00171821305842 0.00171821305842 0.00171821305842 0.926116838488 0.00171821305842 0.0154639175258 0.00515463917526 0.00171821305842 0.00171821305842 0.00171821305842 0.00171821305842 0.0223367697595 0.00171821305842 0.00171821305842 0.00171821305842 0.00171821305842 0.00515463917526 0.00171821305842 0.00171821305842 0.00171821305842 
0.0010775862069 0.0010775862069 0.0010775862069 0.919181034483 0.0010775862069 0.0010775862069 0.0010775862069 0.0010775862069 0.00323275862069 0.00323275862069 0.0010775862069 0.0269396551724 0.0010775862069 0.0010775862069 0.0010775862069 0.0010775862069 0.03125 0.0010775862069 0.0010775862069 0.0010775862069 
0.00378787878788 0.00378787878788 0.00378787878788 0.253787878788 0.00378787878788 0.00378787878788 0.299242424242 0.00378787878788 0.00378787878788 0.00378787878788 0.00378787878788 0.0265151515152 0.00378787878788 0.0113636363636 0.00378787878788 0.0340909090909 0.0113636363636 0.314393939394 0.00378787878788 0.00378787878788 
0.00065703022339 0.00065703022339 0.00459921156373 0.254270696452 0.00197109067017 0.00065703022339 0.552562417871 0.00065703022339 0.00065703022339 0.00065703022339 0.00065703022339 0.0400788436268 0.00065703022339 0.137319316689 0.00065703022339 0.00065703022339 0.00065703022339 0.00065703022339 0.00065703022339 0.00065703022339 
0.0015479876161 0.0015479876161 0.0015479876161 0.614551083591 0.0046439628483 0.0046439628483 0.202786377709 0.0015479876161 0.0077399380805 0.0015479876161 0.0015479876161 0.0170278637771 0.0263157894737 0.0015479876161 0.0015479876161 0.0015479876161 0.0015479876161 0.0015479876161 0.0015479876161 0.103715170279 
0.00185873605948 0.0092936802974 0.00185873605948 0.730483271375 0.00185873605948 0.00557620817844 0.00185873605948 0.00185873605948 0.00185873605948 0.00185873605948 0.0092936802974 0.150557620818 0.0092936802974 0.00185873605948 0.00185873605948 0.00185873605948 0.00185873605948 0.0613382899628 0.00185873605948 0.00185873605948 
0.00429799426934 0.00143266475645 0.00429799426934 0.780802292264 0.00429799426934 0.00429799426934 0.0214899713467 0.0157593123209 0.00429799426934 0.00143266475645 0.00429799426934 0.118911174785 0.0100286532951 0.00143266475645 0.0100286532951 0.00429799426934 0.00143266475645 0.00429799426934 0.00143266475645 0.00143266475645 
0.00694444444444 0.000992063492063 0.00297619047619 0.909722222222 0.00496031746032 0.00694444444444 0.000992063492063 0.00297619047619 0.000992063492063 0.000992063492063 0.00694444444444 0.000992063492063 0.000992063492063 0.00297619047619 0.00297619047619 0.00496031746032 0.000992063492063 0.0228174603175 0.0168650793651 0.000992063492063 
0.000847457627119 0.000847457627119 0.000847457627119 0.778813559322 0.000847457627119 0.00254237288136 0.0110169491525 0.000847457627119 0.000847457627119 0.00593220338983 0.000847457627119 0.0279661016949 0.000847457627119 0.000847457627119 0.000847457627119 0.000847457627119 0.160169491525 0.000847457627119 0.000847457627119 0.00254237288136 
0.00162337662338 0.00487012987013 0.00487012987013 0.287337662338 0.00162337662338 0.00162337662338 0.290584415584 0.00162337662338 0.0113636363636 0.00162337662338 0.00487012987013 0.0340909090909 0.00487012987013 0.00162337662338 0.00162337662338 0.00162337662338 0.00487012987013 0.326298701299 0.00162337662338 0.0113636363636 
0.00116279069767 0.00116279069767 0.00116279069767 0.736046511628 0.00116279069767 0.00116279069767 0.00116279069767 0.00116279069767 0.00116279069767 0.00348837209302 0.00116279069767 0.238372093023 0.00116279069767 0.00116279069767 0.00116279069767 0.00116279069767 0.00348837209302 0.00116279069767 0.00116279069767 0.00116279069767 
0.00109170305677 0.0229257641921 0.00545851528384 0.902838427948 0.00109170305677 0.00109170305677 0.00109170305677 0.00545851528384 0.00109170305677 0.00109170305677 0.00109170305677 0.00109170305677 0.00109170305677 0.00109170305677 0.00982532751092 0.00109170305677 0.00327510917031 0.0316593886463 0.00545851528384 0.00109170305677 
0.0010101010101 0.0010101010101 0.0010101010101 0.1 0.00505050505051 0.0010101010101 0.540404040404 0.0030303030303 0.00707070707071 0.0010101010101 0.0010101010101 0.0292929292929 0.0010101010101 0.0010101010101 0.0010101010101 0.0010101010101 0.0010101010101 0.293939393939 0.00909090909091 0.0010101010101 
0.00276243093923 0.00276243093923 0.00828729281768 0.466850828729 0.0138121546961 0.00276243093923 0.113259668508 0.00276243093923 0.00276243093923 0.0193370165746 0.0801104972376 0.0745856353591 0.00276243093923 0.0138121546961 0.00828729281768 0.0138121546961 0.024861878453 0.140883977901 0.00276243093923 0.00276243093923 
0.00109409190372 0.00109409190372 0.00328227571116 0.863238512035 0.00109409190372 0.0776805251641 0.00765864332604 0.00109409190372 0.00328227571116 0.00109409190372 0.00109409190372 0.00109409190372 0.00109409190372 0.00109409190372 0.00109409190372 0.0054704595186 0.00328227571116 0.0207877461707 0.00109409190372 0.00328227571116 
0.000777604976672 0.000777604976672 0.000777604976672 0.0489891135303 0.000777604976672 0.000777604976672 0.753499222395 0.00233281493002 0.00233281493002 0.000777604976672 0.00233281493002 0.179626749611 0.000777604976672 0.000777604976672 0.000777604976672 0.000777604976672 0.000777604976672 0.000777604976672 0.000777604976672 0.000777604976672 
0.00103519668737 0.00103519668737 0.00310559006211 0.773291925466 0.00103519668737 0.00103519668737 0.00103519668737 0.00103519668737 0.00103519668737 0.00103519668737 0.00103519668737 0.125258799172 0.00103519668737 0.00103519668737 0.00103519668737 0.0797101449275 0.00103519668737 0.00310559006211 0.00103519668737 0.00103519668737 
0.00972762645914 0.00194552529183 0.00194552529183 0.0136186770428 0.00194552529183 0.00583657587549 0.274319066148 0.00194552529183 0.00194552529183 0.00194552529183 0.00194552529183 0.663424124514 0.00194552529183 0.00194552529183 0.00194552529183 0.00194552529183 0.00194552529183 0.00583657587549 0.00194552529183 0.00194552529183 
0.000827814569536 0.000827814569536 0.000827814569536 0.000827814569536 0.000827814569536 0.000827814569536 0.00579470198675 0.000827814569536 0.000827814569536 0.000827814569536 0.000827814569536 0.974337748344 0.000827814569536 0.000827814569536 0.000827814569536 0.00579470198675 0.000827814569536 0.000827814569536 0.000827814569536 0.000827814569536 
0.000972762645914 0.000972762645914 0.00291828793774 0.117704280156 0.000972762645914 0.000972762645914 0.0262645914397 0.000972762645914 0.000972762645914 0.000972762645914 0.000972762645914 0.837548638132 0.000972762645914 0.000972762645914 0.000972762645914 0.000972762645914 0.000972762645914 0.000972762645914 0.000972762645914 0.000972762645914 
0.00363196125908 0.00121065375303 0.00605326876513 0.51210653753 0.00121065375303 0.00363196125908 0.0690072639225 0.00121065375303 0.00121065375303 0.00121065375303 0.00121065375303 0.00847457627119 0.00121065375303 0.00121065375303 0.00605326876513 0.00121065375303 0.00121065375303 0.371670702179 0.00605326876513 0.00121065375303 
0.00423728813559 0.00423728813559 0.00423728813559 0.00423728813559 0.00423728813559 0.00423728813559 0.877118644068 0.00423728813559 0.00423728813559 0.00423728813559 0.00423728813559 0.021186440678 0.00423728813559 0.0127118644068 0.0127118644068 0.0127118644068 0.00423728813559 0.00423728813559 0.00423728813559 0.00423728813559 
0.0014367816092 0.0014367816092 0.0014367816092 0.903735632184 0.0014367816092 0.00431034482759 0.0244252873563 0.0014367816092 0.00431034482759 0.0014367816092 0.00431034482759 0.0014367816092 0.0014367816092 0.0014367816092 0.00431034482759 0.0014367816092 0.0014367816092 0.0359195402299 0.0014367816092 0.0014367816092 
0.00121654501217 0.00851581508516 0.0036496350365 0.0206812652068 0.00121654501217 0.00121654501217 0.874695863747 0.00121654501217 0.00121654501217 0.00121654501217 0.0036496350365 0.0279805352798 0.00851581508516 0.0109489051095 0.0036496350365 0.00121654501217 0.00121654501217 0.0255474452555 0.00121654501217 0.00121654501217 
0.000894454382826 0.00268336314848 0.000894454382826 0.0491949910555 0.000894454382826 0.00626118067979 0.879248658318 0.000894454382826 0.000894454382826 0.000894454382826 0.000894454382826 0.0187835420394 0.00626118067979 0.00805008944544 0.00268336314848 0.00447227191413 0.000894454382826 0.0134168157424 0.000894454382826 0.000894454382826 
0.0018315018315 0.00549450549451 0.0018315018315 0.0274725274725 0.0018315018315 0.0018315018315 0.657509157509 0.0018315018315 0.0018315018315 0.0018315018315 0.0128205128205 0.20695970696 0.0018315018315 0.0128205128205 0.0128205128205 0.0018315018315 0.0018315018315 0.0201465201465 0.00915750915751 0.0164835164835 
0.0030487804878 0.0030487804878 0.0030487804878 0.216463414634 0.0030487804878 0.00914634146341 0.539634146341 0.0030487804878 0.0030487804878 0.0030487804878 0.0030487804878 0.0030487804878 0.0030487804878 0.0030487804878 0.0030487804878 0.0030487804878 0.0274390243902 0.161585365854 0.0030487804878 0.0030487804878 
0.00675675675676 0.0202702702703 0.00675675675676 0.344594594595 0.00675675675676 0.0608108108108 0.398648648649 0.0202702702703 0.00675675675676 0.00675675675676 0.0472972972973 0.0202702702703 0.00675675675676 0.00675675675676 0.00675675675676 0.00675675675676 0.00675675675676 0.00675675675676 0.00675675675676 0.00675675675676 
0.00239234449761 0.00239234449761 0.00239234449761 0.748803827751 0.00239234449761 0.00239234449761 0.00239234449761 0.00239234449761 0.00239234449761 0.00239234449761 0.00239234449761 0.208133971292 0.00239234449761 0.00239234449761 0.00239234449761 0.00239234449761 0.00239234449761 0.00239234449761 0.00239234449761 0.00239234449761 
0.00184501845018 0.00184501845018 0.00184501845018 0.455719557196 0.00184501845018 0.00184501845018 0.193726937269 0.00553505535055 0.00184501845018 0.00184501845018 0.00922509225092 0.00184501845018 0.00184501845018 0.00184501845018 0.00184501845018 0.00184501845018 0.00184501845018 0.178966789668 0.00184501845018 0.130996309963 
0.00700934579439 0.0163551401869 0.00233644859813 0.128504672897 0.00233644859813 0.00233644859813 0.71261682243 0.00233644859813 0.00233644859813 0.00233644859813 0.00233644859813 0.035046728972 0.00233644859813 0.00233644859813 0.00233644859813 0.00233644859813 0.0397196261682 0.00233644859813 0.00700934579439 0.0257009345794 
0.00406504065041 0.00406504065041 0.0121951219512 0.451219512195 0.00406504065041 0.00406504065041 0.426829268293 0.00406504065041 0.00406504065041 0.00406504065041 0.00406504065041 0.020325203252 0.0121951219512 0.0121951219512 0.0121951219512 0.00406504065041 0.00406504065041 0.00406504065041 0.00406504065041 0.00406504065041 
0.01875 0.00625 0.00625 0.03125 0.00625 0.00625 0.80625 0.00625 0.03125 0.00625 0.01875 0.00625 0.00625 0.00625 0.00625 0.00625 0.00625 0.00625 0.00625 0.00625 
0.00191570881226 0.0900383141762 0.00191570881226 0.844827586207 0.00191570881226 0.00191570881226 0.0287356321839 0.00191570881226 0.00191570881226 0.00191570881226 0.00191570881226 0.00574712643678 0.00191570881226 0.00191570881226 0.00191570881226 0.00191570881226 0.00191570881226 0.00191570881226 0.00191570881226 0.00191570881226 
0.0015243902439 0.0015243902439 0.0015243902439 0.806402439024 0.0015243902439 0.0015243902439 0.00457317073171 0.0015243902439 0.0015243902439 0.0015243902439 0.0015243902439 0.153963414634 0.0015243902439 0.0015243902439 0.0015243902439 0.0015243902439 0.0015243902439 0.0015243902439 0.00762195121951 0.00457317073171 
0.00480769230769 0.00480769230769 0.00480769230769 0.0240384615385 0.00480769230769 0.0144230769231 0.783653846154 0.00480769230769 0.00480769230769 0.00480769230769 0.0144230769231 0.0528846153846 0.00480769230769 0.00480769230769 0.00480769230769 0.00480769230769 0.0144230769231 0.0336538461538 0.00480769230769 0.00480769230769 
0.0070821529745 0.0014164305949 0.0014164305949 0.0325779036827 0.0014164305949 0.0014164305949 0.191218130312 0.0014164305949 0.0070821529745 0.0014164305949 0.0014164305949 0.737960339943 0.0042492917847 0.0014164305949 0.0014164305949 0.0014164305949 0.0014164305949 0.0014164305949 0.0014164305949 0.0014164305949 
0.00092936802974 0.00092936802974 0.00092936802974 0.766728624535 0.00092936802974 0.00092936802974 0.0139405204461 0.00092936802974 0.00278810408922 0.00092936802974 0.00092936802974 0.0975836431227 0.00092936802974 0.00092936802974 0.00092936802974 0.105018587361 0.00092936802974 0.00092936802974 0.00092936802974 0.00092936802974 
0.00632911392405 0.00126582278481 0.00126582278481 0.289873417722 0.00126582278481 0.00126582278481 0.575949367089 0.0189873417722 0.00886075949367 0.00126582278481 0.00886075949367 0.00632911392405 0.00379746835443 0.00126582278481 0.00632911392405 0.00379746835443 0.00126582278481 0.046835443038 0.0139240506329 0.00126582278481 
0.00337837837838 0.0101351351351 0.00337837837838 0.0371621621622 0.00337837837838 0.0101351351351 0.841216216216 0.00337837837838 0.0101351351351 0.00337837837838 0.00337837837838 0.00337837837838 0.00337837837838 0.00337837837838 0.00337837837838 0.0304054054054 0.00337837837838 0.0101351351351 0.00337837837838 0.0101351351351 
0.000502008032129 0.000502008032129 0.000502008032129 0.28062248996 0.000502008032129 0.000502008032129 0.0617469879518 0.000502008032129 0.000502008032129 0.000502008032129 0.000502008032129 0.00652610441767 0.000502008032129 0.00150602409639 0.000502008032129 0.000502008032129 0.000502008032129 0.631024096386 0.000502008032129 0.011546184739 
0.0010101010101 0.0030303030303 0.0010101010101 0.344444444444 0.0010101010101 0.0010101010101 0.0454545454545 0.00909090909091 0.0010101010101 0.0010101010101 0.0010101010101 0.564646464646 0.0010101010101 0.00505050505051 0.0010101010101 0.00707070707071 0.0010101010101 0.00909090909091 0.0010101010101 0.0010101010101 
0.00109170305677 0.00327510917031 0.00982532751092 0.699781659389 0.00109170305677 0.00109170305677 0.0272925764192 0.00764192139738 0.00109170305677 0.00109170305677 0.00109170305677 0.0447598253275 0.00764192139738 0.00327510917031 0.00109170305677 0.00109170305677 0.00327510917031 0.18231441048 0.00109170305677 0.00109170305677 
0.000724637681159 0.000724637681159 0.000724637681159 0.00217391304348 0.000724637681159 0.000724637681159 0.0036231884058 0.000724637681159 0.000724637681159 0.00217391304348 0.000724637681159 0.965942028986 0.000724637681159 0.000724637681159 0.000724637681159 0.000724637681159 0.000724637681159 0.0152173913043 0.000724637681159 0.000724637681159 
0.000724637681159 0.00652173913043 0.00217391304348 0.199275362319 0.000724637681159 0.000724637681159 0.605072463768 0.00217391304348 0.000724637681159 0.000724637681159 0.000724637681159 0.054347826087 0.000724637681159 0.000724637681159 0.000724637681159 0.0036231884058 0.000724637681159 0.00217391304348 0.000724637681159 0.116666666667 
0.00266429840142 0.00266429840142 0.0044404973357 0.897868561279 0.00088809946714 0.00266429840142 0.00976909413854 0.00088809946714 0.00088809946714 0.00088809946714 0.00088809946714 0.0168738898757 0.00266429840142 0.00621669626998 0.00088809946714 0.00088809946714 0.00088809946714 0.0435168738899 0.00088809946714 0.00266429840142 
0.00657894736842 0.00657894736842 0.00657894736842 0.361842105263 0.00657894736842 0.00657894736842 0.296052631579 0.00657894736842 0.00657894736842 0.00657894736842 0.00657894736842 0.0460526315789 0.00657894736842 0.190789473684 0.00657894736842 0.00657894736842 0.00657894736842 0.00657894736842 0.00657894736842 0.00657894736842 
0.00101214574899 0.00101214574899 0.00101214574899 0.397773279352 0.00101214574899 0.00101214574899 0.102226720648 0.00101214574899 0.00101214574899 0.00101214574899 0.00101214574899 0.0131578947368 0.00101214574899 0.00303643724696 0.00101214574899 0.00910931174089 0.00303643724696 0.444331983806 0.00101214574899 0.0151821862348 
0.00113895216401 0.00113895216401 0.00113895216401 0.00113895216401 0.00113895216401 0.00113895216401 0.964692482916 0.00113895216401 0.00113895216401 0.00341685649203 0.00113895216401 0.00341685649203 0.00113895216401 0.00113895216401 0.00341685649203 0.00113895216401 0.00113895216401 0.00797266514806 0.00113895216401 0.00113895216401 
0.00102040816327 0.00918367346939 0.00102040816327 0.49693877551 0.00918367346939 0.0030612244898 0.435714285714 0.00102040816327 0.00102040816327 0.0030612244898 0.0030612244898 0.0132653061224 0.00102040816327 0.0030612244898 0.00918367346939 0.00102040816327 0.00102040816327 0.00510204081633 0.00102040816327 0.00102040816327 
0.00116279069767 0.00116279069767 0.00116279069767 0.726744186047 0.00116279069767 0.00116279069767 0.00116279069767 0.00116279069767 0.00116279069767 0.00116279069767 0.00116279069767 0.247674418605 0.00116279069767 0.00116279069767 0.00348837209302 0.00116279069767 0.00348837209302 0.00116279069767 0.00116279069767 0.00116279069767 
0.00528169014085 0.00176056338028 0.00176056338028 0.00176056338028 0.00176056338028 0.00528169014085 0.0651408450704 0.00176056338028 0.00176056338028 0.00176056338028 0.00176056338028 0.889084507042 0.00528169014085 0.00528169014085 0.00176056338028 0.00176056338028 0.00176056338028 0.00176056338028 0.00176056338028 0.00176056338028 
0.00170068027211 0.000566893424036 0.000566893424036 0.159297052154 0.000566893424036 0.000566893424036 0.101473922902 0.000566893424036 0.00170068027211 0.000566893424036 0.000566893424036 0.721655328798 0.000566893424036 0.000566893424036 0.000566893424036 0.000566893424036 0.000566893424036 0.0062358276644 0.000566893424036 0.000566893424036 
0.00284629981025 0.000948766603416 0.000948766603416 0.118595825427 0.000948766603416 0.000948766603416 0.160341555977 0.000948766603416 0.000948766603416 0.000948766603416 0.00284629981025 0.604364326376 0.000948766603416 0.000948766603416 0.00474383301708 0.000948766603416 0.000948766603416 0.0426944971537 0.00664136622391 0.0464895635674 
0.00129533678756 0.00129533678756 0.00129533678756 0.211139896373 0.00129533678756 0.00129533678756 0.498704663212 0.00129533678756 0.00129533678756 0.00129533678756 0.00129533678756 0.029792746114 0.00129533678756 0.174870466321 0.00388601036269 0.00129533678756 0.00129533678756 0.0582901554404 0.00388601036269 0.00388601036269 
0.000886524822695 0.000886524822695 0.000886524822695 0.812943262411 0.000886524822695 0.000886524822695 0.000886524822695 0.000886524822695 0.000886524822695 0.00265957446809 0.000886524822695 0.00265957446809 0.000886524822695 0.000886524822695 0.00443262411348 0.000886524822695 0.164007092199 0.000886524822695 0.000886524822695 0.000886524822695 
0.0010101010101 0.0010101010101 0.0010101010101 0.382828282828 0.0010101010101 0.0030303030303 0.382828282828 0.0010101010101 0.00707070707071 0.0010101010101 0.0010101010101 0.186868686869 0.0010101010101 0.0010101010101 0.0010101010101 0.0010101010101 0.0010101010101 0.0171717171717 0.00505050505051 0.0030303030303 
0.00196850393701 0.00590551181102 0.0137795275591 0.375984251969 0.00196850393701 0.00196850393701 0.00984251968504 0.00196850393701 0.00196850393701 0.00196850393701 0.00196850393701 0.521653543307 0.00590551181102 0.0137795275591 0.00590551181102 0.00196850393701 0.00196850393701 0.0255905511811 0.00196850393701 0.00196850393701 
0.0126050420168 0.00420168067227 0.00420168067227 0.00420168067227 0.00420168067227 0.00420168067227 0.861344537815 0.00420168067227 0.00420168067227 0.00420168067227 0.0126050420168 0.0210084033613 0.00420168067227 0.00420168067227 0.0126050420168 0.00420168067227 0.00420168067227 0.0210084033613 0.00420168067227 0.00420168067227 
0.00166666666667 0.00166666666667 0.00166666666667 0.751666666667 0.005 0.005 0.005 0.00166666666667 0.00833333333333 0.005 0.00166666666667 0.185 0.005 0.00166666666667 0.00166666666667 0.00833333333333 0.00166666666667 0.00166666666667 0.005 0.00166666666667 
0.0120967741935 0.00403225806452 0.0120967741935 0.762096774194 0.0120967741935 0.00403225806452 0.0120967741935 0.0201612903226 0.00403225806452 0.00403225806452 0.00403225806452 0.0282258064516 0.00403225806452 0.0201612903226 0.0201612903226 0.00403225806452 0.00403225806452 0.00403225806452 0.00403225806452 0.0604838709677 
0.00166112956811 0.00166112956811 0.00166112956811 0.862126245847 0.00166112956811 0.00498338870432 0.0382059800664 0.00830564784053 0.0116279069767 0.00830564784053 0.00166112956811 0.014950166113 0.00166112956811 0.00498338870432 0.00166112956811 0.00498338870432 0.0215946843854 0.00166112956811 0.00166112956811 0.00498338870432 
0.000392772977219 0.000392772977219 0.000392772977219 0.00903377847604 0.000392772977219 0.000392772977219 0.801649646504 0.000392772977219 0.00432050274941 0.000392772977219 0.000392772977219 0.17792615868 0.000392772977219 0.000392772977219 0.000392772977219 0.00117831893166 0.000392772977219 0.000392772977219 0.000392772977219 0.000392772977219 
0.0124555160142 0.0017793594306 0.0017793594306 0.140569395018 0.0017793594306 0.0017793594306 0.58896797153 0.0017793594306 0.0160142348754 0.0017793594306 0.00533807829181 0.0658362989324 0.00533807829181 0.0017793594306 0.0017793594306 0.00533807829181 0.0017793594306 0.140569395018 0.0017793594306 0.0017793594306 
0.00416666666667 0.0208333333333 0.00416666666667 0.179166666667 0.00416666666667 0.00416666666667 0.7125 0.0125 0.00416666666667 0.00416666666667 0.00416666666667 0.00416666666667 0.00416666666667 0.00416666666667 0.00416666666667 0.0125 0.00416666666667 0.00416666666667 0.00416666666667 0.00416666666667 
0.00113895216401 0.00113895216401 0.00113895216401 0.668564920273 0.0102505694761 0.00113895216401 0.00113895216401 0.00113895216401 0.00113895216401 0.00113895216401 0.00113895216401 0.00113895216401 0.00113895216401 0.00341685649203 0.00113895216401 0.00341685649203 0.00341685649203 0.29271070615 0.00341685649203 0.00113895216401 
0.00174216027875 0.00174216027875 0.00174216027875 0.203832752613 0.00174216027875 0.00174216027875 0.601045296167 0.00174216027875 0.00174216027875 0.00174216027875 0.00174216027875 0.00871080139373 0.00522648083624 0.102787456446 0.00174216027875 0.00522648083624 0.00174216027875 0.0505226480836 0.00174216027875 0.00174216027875 
0.00111607142857 0.00111607142857 0.00111607142857 0.0636160714286 0.00111607142857 0.00111607142857 0.907366071429 0.00111607142857 0.00111607142857 0.00111607142857 0.00111607142857 0.00111607142857 0.0078125 0.00111607142857 0.00111607142857 0.00111607142857 0.00111607142857 0.00111607142857 0.00334821428571 0.00111607142857 
0.00249169435216 0.000830564784053 0.000830564784053 0.181893687708 0.000830564784053 0.000830564784053 0.613787375415 0.000830564784053 0.000830564784053 0.000830564784053 0.000830564784053 0.156976744186 0.000830564784053 0.000830564784053 0.000830564784053 0.000830564784053 0.00581395348837 0.0274086378738 0.000830564784053 0.000830564784053 
0.000661375661376 0.0112433862434 0.00198412698413 0.67791005291 0.000661375661376 0.00330687830688 0.250661375661 0.00198412698413 0.000661375661376 0.000661375661376 0.000661375661376 0.0337301587302 0.000661375661376 0.000661375661376 0.00330687830688 0.00330687830688 0.000661375661376 0.00595238095238 0.000661375661376 0.000661375661376 
0.00271739130435 0.00271739130435 0.00815217391304 0.236413043478 0.00271739130435 0.00271739130435 0.00271739130435 0.00271739130435 0.00271739130435 0.00271739130435 0.00271739130435 0.698369565217 0.00271739130435 0.0135869565217 0.00271739130435 0.00271739130435 0.00271739130435 0.00271739130435 0.00271739130435 0.00271739130435 
0.000860585197935 0.000860585197935 0.000860585197935 0.887263339071 0.000860585197935 0.000860585197935 0.000860585197935 0.000860585197935 0.0025817555938 0.000860585197935 0.000860585197935 0.0886402753873 0.0025817555938 0.000860585197935 0.000860585197935 0.000860585197935 0.000860585197935 0.00602409638554 0.000860585197935 0.000860585197935 
0.00113378684807 0.00113378684807 0.00113378684807 0.443310657596 0.00113378684807 0.0102040816327 0.447845804989 0.00113378684807 0.00113378684807 0.0102040816327 0.00113378684807 0.0238095238095 0.0102040816327 0.0102040816327 0.00340136054422 0.00113378684807 0.00113378684807 0.0238095238095 0.00113378684807 0.00566893424036 
0.004 0.004 0.004 0.484 0.004 0.012 0.004 0.012 0.004 0.02 0.004 0.116 0.012 0.02 0.004 0.004 0.004 0.244 0.028 0.012 
0.00147492625369 0.00442477876106 0.00147492625369 0.647492625369 0.00147492625369 0.00147492625369 0.134218289086 0.00147492625369 0.00147492625369 0.00147492625369 0.00147492625369 0.00737463126844 0.00147492625369 0.00147492625369 0.00147492625369 0.00147492625369 0.00147492625369 0.0250737463127 0.00147492625369 0.160766961652 
0.00316455696203 0.00105485232068 0.00105485232068 0.743670886076 0.00105485232068 0.00105485232068 0.00949367088608 0.00105485232068 0.00105485232068 0.00105485232068 0.00105485232068 0.224683544304 0.00105485232068 0.00105485232068 0.00316455696203 0.00105485232068 0.00105485232068 0.00105485232068 0.00105485232068 0.00105485232068 
