Doc #0: 1.97444539813e-79 1.60238776303e-64 3.81155302671e-63 3.34767918775e-79 7.53206088829e-29 8.11396581148e-51 1.34662087733e-94 0.999999978971 2.10290790481e-08 4.15139074689e-74
Doc #1: 2.72391209877e-07 2.77569573765e-55 1.3559383551e-56 3.73160720192e-47 0.290026399689 9.07192608976e-24 3.68048038577e-64 8.63913426344e-09 0.70997331928 2.42238026472e-65
Doc #2: 6.71912406507e-13 0.202689522619 0.011768734229 0.373599654421 1.57158124379e-07 0.411105966196 0.000816766639384 5.47390416505e-09 1.69720344932e-07 1.90235430636e-05
Doc #3: 0.0120015826778 2.17287882492e-14 1.31235106513e-15 0.526682860531 5.67352928475e-17 0.461315556556 2.34848208588e-10 8.89575199917e-17 2.06784623506e-14 3.52703851989e-31
Doc #4: 0.00539892822416 0.0202527220855 0.000397357426912 0.950884950849 3.28644898613e-19 0.0139086964631 4.98569291318e-11 1.53020986902e-28 1.92756648728e-11 0.00915734488247
Doc #5: 5.12534135501e-05 0.923737128328 7.24118435211e-12 0.00120632729567 4.89291759213e-24 3.07455071377e-29 0.0455687638591 2.48980065621e-30 4.50996465332e-19 0.0294365270961
Doc #6: 1.01736850954e-41 0.147460290894 5.13132838522e-14 0.69794072912 0.000102534517521 2.98957980977e-06 3.59001919774e-09 0.154493452099 1.99594087531e-10 4.97422357073e-31
Doc #7: 4.04175866657e-29 1.748120089e-06 0.0839803137302 2.25508578781e-05 0.89312881682 0.00261828504714 5.63736834853e-05 8.94050188653e-17 3.20364975908e-21 0.0201919117409
Doc #8: 0.00785804761797 0.025785469749 0.210969507281 0.016330116609 3.21877493171e-09 1.58209594221e-12 0.60220710496 0.0406484479625 5.71432611288e-18 0.096201302601
Doc #9: 1.26995492164e-21 2.67781681304e-21 5.87667272799e-05 0.13604737745 2.02786700289e-46 0.346375204672 1.90126364805e-17 5.08895875679e-32 0.517427371552 9.1279598899e-05
Doc #10: 7.19155421222e-43 3.36693732118e-13 4.72659354369e-21 0.34701326935 5.50225758792e-24 0.652986730626 2.3402664587e-11 2.3069611235e-47 3.54092370999e-23 1.63248897999e-22
Doc #11: 1.9071302935e-35 1.93643437968e-11 0.417782766933 0.000653983756054 0.0457786066488 0.502136033562 2.9625732157e-09 1.81575059572e-21 1.87106911227e-13 0.0336486061179
Doc #12: 5.15395043428e-21 1.64764828369e-31 3.07590129364e-19 1.09809012218e-15 0.0679603969556 3.16915703265e-24 2.042148537e-14 4.62482396503e-29 2.85236417461e-18 0.932039603044
Doc #13: 0.0333249149496 6.85966938253e-17 0.238700979354 0.321508461814 1.45326943797e-32 0.406465643699 5.80047777337e-16 5.97637408478e-44 3.58264766016e-15 1.83532128946e-10
Doc #14: 4.10127666019e-79 1.87378230737e-10 0.880415086397 0.0259553386639 2.26961093062e-06 0.0924414631987 5.73196843967e-18 0.00118584194184 1.29166690893e-14 3.73793854179e-38
Doc #15: 4.27047973978e-23 0.107571846972 0.713688766674 4.61743860673e-19 5.83612722793e-33 3.784897655e-05 0.0534892107353 2.58489631378e-19 0.125212326438 2.04477161099e-10
Doc #16: 3.96394413356e-13 0.216782767124 0.0287041299576 0.623188651681 1.01205576839e-13 0.131324350142 1.01092643863e-07 1.0708564717e-12 4.01861300822e-14 1.19893688043e-12
Doc #17: 7.02690719549e-11 1.67974187858e-37 1.44706767142e-12 0.396979839276 0.130483264411 2.00408722283e-09 3.84840060395e-05 0.0515896022613 0.00552317853573 0.415385629434
Doc #18: 3.87326735731e-89 8.99520247497e-35 2.28903004785e-31 1.9831580489e-35 7.42694421211e-39 1.1281607924e-39 1.40832273674e-35 3.5664305527e-54 1.03854962864e-45 1.0
Doc #19: 3.30778006847e-76 3.38084112991e-34 5.8428977797e-27 7.86424520039e-36 0.0687372808781 0.931262719122 4.38153459136e-37 2.05763137721e-18 4.64880886879e-23 3.97224157748e-45
Doc #20: 2.58868718388e-117 2.58506759761e-82 2.03617516485e-35 3.4066821561e-66 0.00339488107025 0.99660511893 6.75552420949e-49 1.28640549345e-16 1.61248053323e-43 3.61702746735e-103
Doc #21: 0.0523609189017 2.7082451247e-13 4.25615090464e-07 0.18162222279 0.52227355699 0.0569769457826 1.79455395829e-12 0.186765929919 4.25882941193e-15 7.44207850209e-19
Doc #22: 0.00156053771581 1.05066868593e-07 1.39806380177e-13 0.198056006276 2.02836815543e-09 5.18618426943e-08 0.359817436069 0.380650180449 0.0599096178087 6.06272506334e-06
Doc #23: 4.74197730612e-26 0.0900349716934 3.15986763167e-10 0.243646050443 2.35571880674e-16 0.00240249470528 0.663911905408 9.96691688807e-18 4.57743467883e-06 3.7664114486e-14
Doc #24: 4.52868462063e-34 0.0881441407139 1.56915053537e-20 1.59417356911e-10 0.0416566065154 1.03639440524e-18 7.54109428354e-21 0.870199252513 9.8460252809e-11 7.10418572815e-33
Doc #25: 1.51603368699e-22 0.51491790416 6.54456485511e-17 0.00133443987989 0.0222363062685 5.5048537264e-11 0.230247813989 0.231181402663 8.2132984177e-05 5.09302543337e-44
Doc #26: 6.90997584717e-70 8.92927614408e-05 0.085037286582 0.803168206231 3.8092296776e-15 0.0438660935478 0.0678390296813 9.11260684045e-08 1.20463545149e-11 5.8408379952e-11
Doc #27: 1.49330806386e-38 0.458480683774 2.15392550903e-10 3.24808807915e-26 5.0592740834e-33 5.00797026621e-10 2.73663320097e-28 5.31539657155e-17 0.0218849816285 0.519634333882
Doc #28: 9.47089787903e-64 1.8400142589e-08 4.96199150976e-19 0.213242968683 3.24153272279e-22 6.89863880701e-19 0.370050656533 0.416706356383 8.79996461415e-17 2.17042577914e-23
Doc #29: 0.00317550320173 3.60664021077e-15 0.0405465826624 0.479481487552 8.35126198176e-24 0.476796426584 1.27034283338e-14 1.56220172924e-25 8.28093289022e-22 7.70848537518e-24
Doc #30: 2.14574451059e-45 1.51005616468e-41 2.51068544906e-19 9.84876403674e-27 1.0 3.86351886809e-35 5.33632997708e-35 1.59538715867e-33 2.00163901584e-50 3.76888582617e-41
Doc #31: 1.15181160356e-62 4.392140604e-29 1.05913274566e-43 8.80858381876e-22 1.23133635596e-06 8.31214063172e-23 0.38898370634 7.37288122332e-13 0.611015062323 2.51515315721e-24
Doc #32: 0.0180296594198 5.88496322043e-37 5.15170179538e-47 0.0353221989528 0.787710367727 1.2398588374e-16 6.75676503537e-35 4.42640334997e-05 0.158893509867 6.58356673743e-29
Doc #33: 2.26312171404e-39 6.44102966245e-37 1.24712012874e-26 6.43159278503e-17 3.59521369786e-19 0.0227380414569 2.77159024367e-35 0.977261958543 2.52042115415e-29 3.7527915525e-64
Doc #34: 6.6515560321e-135 4.21968243474e-36 9.9855157676e-50 2.4767311486e-26 0.0457971828371 0.954202817163 1.28726337211e-39 7.69827678164e-21 9.08055386189e-20 3.00506224313e-41
Doc #35: 5.03372435961e-32 0.110367468382 0.2527383502 7.00727957106e-07 1.94894948391e-31 1.4757642631e-15 0.636893480478 1.48738450649e-21 2.12751023871e-10 2.31221859824e-26
Doc #36: 1.47628050158e-87 2.40992699472e-35 4.54619021593e-32 2.88889630243e-36 5.611194277e-42 8.57539156072e-41 2.1926110963e-38 1.4747936495e-57 6.68209327014e-51 1.0
Doc #37: 1.69177649214e-117 2.68697226176e-82 1.96144868012e-35 1.77868769265e-66 0.00337001619962 0.9966299838 3.2919572533e-48 3.89147043004e-16 6.18251924488e-43 9.80821102958e-103
Doc #38: 0.0245232803628 0.0205997451437 0.146132574427 6.82979798765e-06 6.50651849551e-16 0.641312103976 0.0288233419811 1.8059633265e-15 0.138602124247 6.45443410762e-11
Doc #39: 1.31117196309e-38 5.08682874217e-23 2.44278932743e-16 1.39464963923e-08 0.115396796636 4.56177718833e-28 5.34751042379e-16 2.18822441283e-20 6.48638201003e-37 0.884603189417
Doc #40: 2.87686326991e-46 8.77883171785e-33 1.14925212626e-13 5.86299078028e-18 1.0 4.02279229522e-30 2.32429086536e-27 5.12254012112e-29 1.5745213401e-47 6.77590105162e-36
Doc #41: 4.80406314959e-27 2.08642674831e-30 1.29266541918e-32 4.19230044702e-34 1.0 2.57965961759e-37 1.49978807935e-39 1.252365991e-35 7.15669889502e-46 3.32667687459e-39
Doc #42: 1.68276718278e-21 0.447230968634 2.90281035674e-08 0.117703175173 4.13738159444e-12 8.94906638249e-06 0.435056878086 2.81506478828e-17 9.15396725885e-12 1.49429684955e-22
Doc #43: 2.69960147232e-45 1.06278882874e-11 1.53497239617e-20 1.30057790578e-25 3.4324779067e-37 1.20596914895e-28 1.00789525994e-31 3.55736660483e-28 6.80121174091e-24 0.999999999989
Doc #44: 1.2768075165e-49 2.30946538917e-31 1.57664318135e-33 1.69700036601e-35 0.981302621266 7.12796123879e-36 2.53760098504e-29 9.40344092498e-25 2.71545187672e-30 0.018697378734
Doc #45: 1.94793906857e-61 3.43984373903e-76 1.87550899728e-39 0.156906035004 0.243210923288 0.599883041707 5.09377454976e-20 6.70946034493e-20 2.65334658501e-13 1.78058641653e-56
Doc #46: 0.0211132621548 0.778229988968 1.92865934321e-10 0.188239486649 0.0118009458582 0.000615388560551 9.26527636108e-07 1.08885661121e-09 7.06006126601e-15 4.60813780665e-32
Doc #47: 0.0026880148131 4.51414512408e-07 4.08222629008e-30 0.461710834734 0.000428758814916 2.75010731353e-27 2.70798278019e-31 0.535171939116 1.10770045046e-09 8.88541258827e-28
Doc #48: 1.36125556226e-76 0.000125171349275 4.08987229785e-07 1.4839245514e-15 3.80244074667e-09 0.194453008175 0.470307951536 4.44559153044e-08 0.214018268617 0.121095143077
Doc #49: 9.74071241382e-44 4.08831459351e-26 3.86312133113e-28 1.13712319182e-13 0.999999999886 2.12196429785e-25 1.90031533402e-23 5.40216041213e-38 1.10317087536e-30 1.1438253926e-10
Doc #50: 1.64116129124e-32 1.13677986694e-25 0.999999998996 6.26316495156e-13 2.33897842529e-21 1.20883697395e-22 3.56169630994e-11 5.90053568799e-38 9.68005301301e-10 9.2551446756e-17
Doc #51: 2.311912443e-39 0.235094777642 1.2493635597e-14 0.570650891841 1.04896079203e-31 0.0164377246569 0.177816303513 1.37741883254e-20 5.2439782716e-28 3.02346172119e-07
Doc #52: 1.46035622788e-59 9.29119650794e-33 4.60314457226e-42 3.94602130987e-47 0.99999999993 2.10428470524e-43 8.11786772461e-50 2.62797289934e-36 3.30208252158e-38 6.99449777965e-11
Doc #53: 8.20989891187e-14 9.55895352769e-39 1.46475779754e-41 3.92344711252e-47 2.22708259803e-37 8.43812337734e-39 8.97241335982e-48 6.46020561687e-39 2.39246425044e-17 1.0
Doc #54: 0.00409084401402 3.11915676754e-36 1.58840190397e-42 9.05224829018e-39 0.995909155986 2.30186545888e-44 8.09206283145e-43 6.17263753901e-42 2.70591825463e-38 2.38743594845e-35
Doc #55: 0.0318786576091 0.00570268968744 3.82335622023e-09 3.99554800296e-15 8.76982244993e-15 4.57287815284e-16 0.758261352901 0.204157295978 1.05987759103e-12 2.69112671227e-18
Doc #56: 5.25849518836e-75 9.5431913127e-30 1.01313350528e-46 2.2066681707e-15 0.878152417807 0.110268017004 2.99376081481e-50 0.0115795651892 1.03671653402e-23 4.60599997848e-51
Doc #57: 5.5642295462e-32 0.27227937825 3.22821540675e-12 2.60804170132e-12 3.91498264835e-29 6.13796312582e-18 8.84837736079e-12 0.281311922293 0.446408699441 1.34530682818e-12
Doc #58: 1.60333557463e-62 0.346011409601 0.285054520663 2.35322946608e-09 0.0156827334047 0.059666925016 5.29964730008e-05 0.291505116157 6.46928949474e-05 0.00196160343669
Doc #59: 9.45386990677e-38 7.8935961303e-33 1.25161357833e-18 2.2853501173e-33 2.92301004181e-50 1.04802151042e-28 5.20006267896e-17 8.78107906768e-17 5.89499617918e-32 1.0
Doc #60: 4.73780947781e-18 8.89910050722e-35 5.68151119305e-27 1.2568363121e-15 1.0 7.98679098707e-37 8.54955664526e-27 5.77951147562e-39 3.54818676925e-44 8.97785254013e-43
Doc #61: 1.1187289727e-46 3.55966041383e-26 2.24647355567e-23 1.56984436885e-19 0.0505834836065 0.922086785752 1.07540918202e-24 0.0273297306415 1.72215823341e-13 4.48964775752e-28
Doc #62: 0.0336401886566 3.96301537125e-22 0.0976329102823 3.17009280531e-28 0.0580609795424 1.5275591111e-10 2.57632327501e-19 3.65907074578e-42 0.810665921366 3.15680028713e-30
Doc #63: 2.9664655692e-78 0.00227147660373 2.77871127854e-11 7.08888415108e-25 0.129357066811 1.7003901633e-21 1.58322753219e-14 0.000121248130539 0.868250208426 1.86342870021e-31
Doc #64: 1.54694860002e-93 1.09196638323e-09 2.66336484983e-47 1.48499807086e-43 1.22774433587e-41 0.744906822016 1.66932683033e-58 0.255093176892 1.22691140519e-25 2.68083944809e-27
Doc #65: 1.12166049264e-41 0.999999999667 5.46741611861e-21 1.04661411739e-37 2.84534506303e-51 7.52073067621e-25 8.14455703483e-28 1.23575333708e-37 2.77929023997e-20 3.32955542512e-10
Doc #66: 0.00651071961163 0.112589885525 0.469758404718 0.169011387576 0.00218692429834 0.0108232680569 1.10002600107e-11 0.0441024979924 0.185016912211 1.71844264579e-35
Doc #67: 2.78369005423e-78 0.788432185947 1.34250590912e-56 1.83992198978e-47 3.56128900091e-24 5.3202150417e-41 2.30626971894e-44 0.211567814053 1.79251248249e-31 2.54232130525e-54
Doc #68: 0.0240076825975 8.48456607194e-29 3.9290523689e-19 0.00814686466845 0.000246440783209 5.68479977902e-19 1.3341854012e-10 0.950944356674 0.0166546551435 1.95756106055e-54
Doc #69: 4.17638256636e-38 1.31055210973e-18 2.33928429048e-33 1.8074150621e-15 0.998449892167 0.00155010089537 1.69435348947e-47 6.93800033186e-09 1.45846015864e-23 1.0285136292e-53
Doc #70: 1.90326929581e-23 3.91313400471e-36 1.43717329701e-26 2.78132450942e-52 0.295308513632 0.704691486364 4.27028512357e-33 4.35669350297e-12 3.02066926141e-32 6.45905422146e-27
Doc #71: 7.87208361474e-59 0.70385662472 2.55453372174e-14 7.98185939211e-26 9.6963895908e-11 0.000124677541295 4.38453504121e-23 4.61198409756e-14 0.296018697642 3.53672684622e-16
Doc #72: 2.49331296171e-36 2.32464734125e-20 6.84185943434e-14 1.01630099407e-26 0.000467771396775 5.51115886388e-05 1.22151388906e-27 1.30259292457e-10 0.892224229265 0.107252887619
Doc #73: 3.00045609945e-37 1.30345759558e-11 6.35933393577e-21 3.27529913967e-29 8.57186473096e-21 4.46950689937e-06 5.04405821222e-30 0.999978149659 1.73808206183e-05 3.36891904341e-19
Doc #74: 2.07321431542e-61 1.39670731906e-37 3.43028912248e-47 6.21776265119e-44 6.26935279074e-31 1.95801590166e-52 2.38421152164e-59 1.0 2.54361105006e-21 2.48367449932e-62
Doc #75: 6.40385982641e-22 1.15629034925e-22 2.90094006907e-05 1.52808933385e-35 1.06694986759e-42 0.999962701638 8.28896180665e-06 5.2960336546e-46 3.33458793222e-32 1.72564079817e-27
Doc #76: 5.53876811074e-31 1.1745761844e-17 5.07403643971e-16 3.9364471349e-24 8.80633101771e-45 5.31935905972e-13 7.63134139438e-18 3.90793942018e-50 0.999999999999 5.40440243122e-14
Doc #77: 2.25448584842e-62 6.88201913355e-44 1.13998899162e-33 8.08656498851e-35 0.0943044812296 4.60155759494e-18 2.91275306247e-29 0.168614070792 0.737081447978 4.59934926934e-54
Doc #78: 5.79348640184e-57 5.69230760506e-34 1.39805863972e-37 6.3490250655e-32 1.0 1.37038703247e-35 3.28845411306e-32 1.20972462137e-32 3.66054833583e-42 8.28932938409e-58
Doc #79: 1.74732423666e-38 2.70760886721e-20 5.63293335439e-61 0.516834898499 9.07517163702e-17 6.01738578976e-18 3.50142160169e-44 0.483165101501 1.30536788173e-30 1.92493064884e-56
Doc #80: 7.59720757793e-26 1.2365834135e-30 5.21255631736e-31 1.17838931235e-25 1.71152152676e-08 0.755917469809 1.37271696165e-34 0.244082513076 1.53767274783e-28 3.93882322813e-28
Doc #81: 1.38664687036e-52 0.0223520951761 0.156345446773 0.106012660122 1.3594995934e-43 2.87871288432e-15 0.339534617913 1.15281747644e-13 0.227283057727 0.148472122289
Doc #82: 1.35457261605e-09 1.56622328886e-08 0.999999982044 6.94584290959e-47 9.93517978428e-33 9.38415083806e-10 4.18174684293e-30 2.93202713177e-13 2.03845958514e-20 1.47521059475e-28
Doc #83: 2.63375513132e-91 1.07935000014e-60 4.96830583673e-35 1.08393292585e-52 0.352148324442 0.647851675558 6.18568065786e-30 1.24668312446e-37 5.3574074772e-26 2.26514987646e-100
Doc #84: 5.43010420862e-35 0.107588112047 2.91413107876e-20 7.20730275601e-19 5.3133311727e-20 9.12572473606e-18 0.885515595077 6.74557407279e-19 0.00689454596669 1.74690952324e-06
Doc #85: 6.38765695951e-13 0.0833764253025 1.01922818245e-11 4.12765714117e-35 0.280922505468 0.358602260837 2.24844653001e-12 2.91289610082e-14 0.277098808379 2.30863895559e-38
Doc #86: 1.15694233529e-36 0.00125907085784 0.510383140099 1.4575404032e-07 8.50140570497e-09 0.172400945604 0.315956683548 2.95755361914e-12 5.63262856881e-09 1.81323267791e-16
Doc #87: 7.58360140977e-54 2.42803724481e-08 0.124208169409 0.00921326346744 0.167004058401 0.699569770962 4.71347986759e-06 1.02772325054e-23 2.28338553018e-14 8.16443699682e-19
Doc #88: 8.94593659897e-72 6.60017259312e-22 0.133324492176 1.96080800407e-18 0.370530397507 1.68039955723e-35 2.01288373742e-20 0.496145110296 2.0627685562e-11 1.23462205663e-30
Doc #89: 2.48384821245e-38 1.76722239937e-46 4.96998385719e-57 9.51411782856e-50 1.74646162094e-34 7.11269705429e-67 9.27025075308e-60 1.0 2.76186934463e-47 2.03618087563e-45
Doc #90: 3.57376201943e-16 4.19145276834e-32 1.58260816433e-26 6.64365539026e-30 4.69886484614e-27 6.71150485376e-30 8.76027214417e-31 1.900598802e-18 1.74186294302e-22 1.0
Doc #91: 8.60520044559e-25 1.57680959254e-14 4.95623058106e-11 5.36930383927e-07 1.44656554083e-18 2.1932591361e-20 4.86788715811e-15 3.43965534607e-30 1.65125472265e-28 0.99999946302
Doc #92: 7.29354456475e-55 0.804273616479 4.0407610684e-45 1.44703422381e-50 1.59083207881e-26 4.07114898722e-36 1.36434050425e-40 0.195726383521 2.08091611765e-31 7.1671401885e-48
Doc #93: 0.0321268085693 1.63308280224e-29 2.56839801642e-43 7.56645857111e-09 0.466967577482 2.65246776141e-35 2.60742311741e-29 0.000399462206774 0.500506144176 4.87167708823e-51
Doc #94: 0.000451708814668 0.151521894965 4.29592970422e-12 5.76756458104e-17 3.15772399737e-19 0.00101997747438 2.40072259849e-34 6.2402197961e-26 0.847003551573 2.8671689749e-06
Doc #95: 0.00494497759306 0.399837363626 1.0152399495e-10 9.44102368163e-33 2.0520469734e-13 1.53125483737e-35 1.58714436235e-40 8.9765956492e-18 4.64829917775e-24 0.595217658679
Doc #96: 2.71242630533e-39 0.0714999048608 0.465208060588 7.66687048239e-25 4.04737073253e-22 1.17870034769e-15 0.463292034551 5.92552597494e-15 8.20828211785e-17 1.81266514395e-31
Doc #97: 0.0269955899048 0.235336446428 0.664770295138 5.18345522402e-10 2.066704391e-49 0.0703843299565 1.15729588599e-31 7.35058689595e-44 0.00251333805366 2.21439809717e-17
Doc #98: 6.35818833804e-43 4.33021554333e-16 1.60173988545e-10 0.494995224915 2.72511785344e-10 0.504135125394 1.51894147947e-10 0.000869550894838 9.82107961232e-08 1.95286243909e-14
Doc #99: 7.72159725184e-16 0.0364040526449 2.99786559273e-27 6.27255404777e-32 8.21674874327e-47 2.10337095486e-19 3.47078385668e-36 4.22415970361e-39 2.79575021099e-21 0.963595947355
Doc #100: 9.39383564492e-33 9.83759558913e-27 9.72664976238e-22 7.53576808644e-19 0.0164377931302 8.49178961664e-32 9.96898365683e-23 1.76208026822e-19 8.20420031851e-22 0.98356220687
Doc #101: 2.78233439975e-12 0.0284548237198 8.68697357474e-28 1.8293656214e-45 3.42761939801e-69 8.08640168199e-27 5.97064328803e-45 8.84308946362e-36 6.24535717073e-35 0.971545176277
Doc #102: 1.04274674948e-43 0.999999999999 9.30972463051e-16 2.10463534084e-30 9.64631001854e-34 6.68605838457e-13 7.89960729e-23 8.86482722766e-37 8.90659116366e-23 1.92507353309e-18
Doc #103: 1.71977125942e-16 2.05363776347e-19 1.84687412858e-33 3.33674222058e-37 2.98034764178e-40 3.49580095987e-36 1.78418594447e-38 1.13205607405e-36 1.06850537306e-10 0.999999999893
Doc #104: 4.1226319266e-38 7.03652630866e-12 0.912500073235 7.83291508267e-23 0.00133016426529 0.0339303510267 1.04762895887e-10 0.0234813326384 1.24198891253e-06 0.0287568367339
Doc #105: 3.14851380434e-68 0.678922892732 0.23048249654 2.31658493586e-21 4.87394885231e-09 0.0905946048576 9.65059528054e-30 2.23215884376e-20 1.31947631455e-23 9.96373350444e-10
Doc #106: 4.56922749594e-29 0.257692546673 0.142763435661 0.312570588234 2.13679396249e-13 0.286972666055 7.62548703138e-07 2.56306773204e-20 8.27266976334e-10 4.41345038449e-28
Doc #107: 2.09108262307e-41 3.62391081651e-08 0.166201586753 9.65588157586e-31 2.65602514364e-28 0.753917929677 9.8061853908e-21 9.18721981484e-27 6.55585472806e-23 0.0798804473312
Doc #108: 0.000792785659435 0.237172189199 0.0540644503814 0.247247106501 9.73976780519e-30 0.419092099194 5.4869407106e-14 4.74617528471e-19 6.3382154292e-15 0.041631369065
Doc #109: 1.01001486749e-25 0.284741714288 4.44101670529e-09 0.715242659971 1.37570074324e-18 2.82741630406e-12 1.56212977457e-05 2.0128308796e-21 3.87443985048e-25 1.27325645929e-23
Doc #110: 5.30960194441e-20 2.01132790843e-25 2.61103093638e-24 5.68955446134e-20 1.0 1.09809467049e-27 2.53063000248e-38 7.66385601497e-41 8.47944557388e-21 3.70693916992e-39
Doc #111: 1.19996629359e-46 1.86206748215e-25 5.5536506592e-33 0.552571612857 2.97292368532e-14 1.81067836231e-21 3.07581640035e-32 0.447428387143 1.20282331122e-30 2.84334675296e-53
Doc #112: 5.9843022989e-67 8.41861508746e-26 9.89953733458e-62 0.614623292049 7.44556642226e-20 1.33891067021e-29 4.39957003294e-51 0.385376707951 5.65698755639e-32 7.14478495287e-55
Doc #113: 3.96018829093e-58 1.22320038685e-12 2.83031767639e-30 7.63116378664e-20 3.81407151647e-09 2.55186081383e-40 1.46007259164e-24 0.999999996185 1.0076536349e-18 3.94192522062e-39
Doc #114: 5.50458862392e-61 4.4230383595e-40 2.16959762829e-62 3.49051844692e-49 1.49524474661e-11 0.334357005245 0.66564299474 6.14544901859e-16 5.77459660444e-23 3.97122384816e-64
Doc #115: 3.59906810799e-17 1.30493358163e-33 6.74720909025e-55 4.23640790148e-28 0.861716209625 0.136388982139 1.02442135128e-45 0.00189480823642 2.67784290153e-42 3.90415007684e-52
Doc #116: 3.22598390625e-18 2.18407642884e-43 3.19058198204e-41 2.11373933924e-40 0.0909301246907 0.290260383934 0.618809491355 2.04022104954e-11 4.43554764798e-14 3.07319623313e-37
Doc #117: 5.25326387279e-115 0.468924460512 5.43977557909e-22 3.80847918867e-30 6.04858725799e-14 1.05309317875e-21 1.25891990631e-07 0.000334489532605 0.530740924063 2.83200435072e-17
Doc #118: 1.0 1.61121054085e-67 8.28434311708e-66 1.04978513568e-58 1.09435909812e-53 2.63095141744e-60 2.47427634353e-52 2.70891663382e-69 5.15399085312e-66 2.29779155535e-83
Doc #119: 1.0 2.21519259271e-112 2.77166143189e-101 4.02035820148e-95 1.34449116115e-116 1.62432353847e-108 2.15414692862e-96 2.50124243215e-103 2.99254137566e-117 2.18643859283e-88
Doc #120: 8.5243179321e-99 1.0193137227e-21 1.64957046578e-44 2.80813671912e-35 0.105971823932 0.583360884061 0.270201210669 0.040466081338 2.96187391508e-24 3.4951415187e-33
Doc #121: 0.0166235844226 4.40046841331e-16 7.10979926968e-24 0.0189103207726 1.77657326692e-08 6.28126071991e-15 0.556993671294 0.407472405745 1.04240824046e-14 1.81722178244e-21
Doc #122: 1.53996582104e-72 8.08469675533e-05 1.38580328739e-22 2.43343358619e-16 3.15141739981e-37 1.37515822307e-19 0.999919153024 8.89196822904e-12 6.65949267692e-15 1.94510161689e-43
Doc #123: 1.57092616571e-05 2.56832087633e-50 1.14837284807e-59 3.59977473835e-36 0.890038372546 0.0773468178479 1.20951399016e-61 0.0325991003444 7.31270560938e-53 4.4940811805e-95
Doc #124: 0.0353750293263 8.43376333879e-60 5.84120284158e-29 2.94813874897e-33 0.514315976021 0.246085036608 1.45365553735e-44 0.204223958045 6.31870841102e-19 1.18434129866e-52
Doc #125: 2.04908800308e-91 4.71458174594e-64 1.99730979818e-34 2.7010982194e-41 3.31148384537e-16 1.0 1.18340035861e-38 2.52048992589e-46 1.85928153698e-20 4.89588983394e-61
Doc #126: 2.74447741683e-42 0.107405420168 1.89665573068e-11 9.41813772312e-15 0.38012209083 8.5569261861e-26 7.2115145744e-06 0.481854253252 0.00353538498982 0.0270756392265
Doc #127: 2.41133120281e-94 1.17872828371e-29 2.02768488626e-51 2.24610063637e-21 0.999999999998 1.52832500183e-12 6.33590491209e-24 4.11582355593e-32 1.90484795222e-27 2.24125659726e-64
Doc #128: 2.43982473239e-32 5.60517959028e-37 0.00118948787913 2.02620395602e-38 0.950670787239 1.23243815573e-14 1.67527834808e-32 1.41810819512e-07 1.30621721917e-05 0.0481265208991
Doc #129: 0.25914913346 9.17411119053e-14 4.20753342275e-29 2.31062055198e-27 3.6344444331e-17 2.95605926833e-05 0.199705208452 0.541116097495 4.56219318141e-13 1.80697247472e-19
Doc #130: 4.27899195816e-72 2.17618163262e-15 2.31389317143e-08 0.999999976861 1.53748725565e-37 7.98811270228e-15 3.54801409937e-13 1.3020608076e-31 2.60944595902e-19 2.58209756897e-34
Doc #131: 6.2267622887e-96 4.50668485973e-18 1.45651849105e-23 4.47361190051e-41 7.95639897882e-41 6.4258444847e-33 1.58655726157e-19 7.92848242226e-41 0.909444177132 0.0905558228677
Doc #132: 6.7764634689e-101 7.41065925719e-37 2.26120359019e-34 2.16233385492e-35 1.381367945e-43 7.95670474688e-39 2.92863762041e-42 6.04812010396e-59 2.46544792049e-52 1.0
Doc #133: 2.26463164638e-67 7.83959455865e-38 3.20723704888e-40 6.11912779863e-27 2.06589852043e-11 9.35905995607e-42 2.86621771565e-48 0.999999999979 3.68368603011e-26 5.49411181229e-56
Doc #134: 0.29717650511 9.24388767842e-18 4.13073410444e-21 5.40845471199e-21 2.99791577776e-10 5.09147435814e-05 0.129082597454 0.573689982392 2.31022926332e-22 7.82499363128e-27
Doc #135: 1.61967308335e-47 3.13208928092e-39 0.106387648149 2.44382351844e-35 0.893612351851 2.21801979325e-14 3.55018244265e-35 1.31604773511e-19 3.00160118798e-14 1.1370926002e-39
Doc #136: 1.0 6.8843247173e-100 6.30663026129e-103 6.29148498062e-94 8.54075703597e-120 7.43447708588e-111 7.64468675644e-99 1.98095159735e-96 3.32643879208e-111 9.37425123807e-102
Doc #137: 1.0 1.16374916664e-87 9.49862267871e-68 7.57713313179e-82 7.37290327812e-96 7.1425617777e-89 2.37576763799e-82 2.22265080935e-96 3.36670061385e-91 1.94112076759e-115
Doc #138: 1.0 7.01623778945e-94 9.71507768257e-94 6.46906568354e-67 1.07125036516e-92 9.43889968174e-87 3.6358313438e-98 9.95045790855e-109 4.10942759837e-115 1.13830435754e-93
Doc #139: 0.198207840372 0.0675452938244 1.02369927751e-13 0.287956281907 2.88361193256e-15 0.0808044661989 0.344542854285 1.80152498854e-34 0.0209432634132 5.79860065813e-31
Doc #140: 0.107816142241 9.45660789849e-06 1.10832056433e-05 0.204993204647 3.44313914426e-15 0.203738477703 0.366141098097 3.94324053748e-08 0.116959845274 0.000330652793162
Doc #141: 0.0428050235798 4.24992979449e-11 2.6236213465e-11 0.472257672335 1.30132596118e-22 0.0813163586088 0.403597966188 2.90422317621e-30 2.29116416512e-05 6.75780162087e-08
Doc #142: 3.17457313005e-31 1.77942457823e-09 4.97181796623e-13 1.52783889946e-44 5.79403275416e-41 5.99896604948e-17 0.956290160727 8.9643659392e-16 1.97833923494e-17 0.0437098374926
Doc #143: 0.00122202282387 0.00283929116779 0.0497649235499 1.3745620946e-24 5.19268105699e-36 5.59069159211e-05 0.466337372111 0.378361899371 0.0221455712161 0.0792730128444
Doc #144: 1.2763181888e-77 2.30464197217e-20 1.64214577547e-28 1.19751609446e-20 9.19514223225e-24 1.53452653397e-31 3.74463750126e-35 1.0 1.65643476816e-19 1.12474521157e-44
Doc #145: 2.23307139465e-117 9.77580515979e-65 7.40999284543e-75 1.6470422974e-39 0.736159554697 6.92218023441e-35 0.263840445303 3.84841708371e-33 2.67841098112e-50 2.45693333945e-75
Doc #146: 8.97870670475e-48 0.224738458302 0.0866336192215 1.95229033121e-11 2.19910694179e-29 0.152788451313 0.421735875505 2.60783721926e-26 5.76704792272e-08 0.114103537969
Doc #147: 8.21197950107e-68 1.16102188514e-22 4.68316129932e-08 1.05598139594e-30 1.59259884426e-58 1.80521266317e-19 2.46432100808e-34 3.41357128006e-60 0.999999953168 7.91066377869e-21
Doc #148: 4.61411506081e-21 4.40052036338e-12 0.928548124044 1.0161623664e-32 5.97073645208e-26 5.55762400196e-30 8.97179453247e-32 0.00742704158629 1.89289263839e-25 0.064024834365
Doc #149: 6.07205139473e-32 3.96084008031e-10 9.60567801221e-14 2.03665485493e-24 4.71923904815e-30 4.09622964101e-13 2.22512004394e-39 3.73566440117e-35 3.29201742734e-11 0.99999999957
Doc #150: 4.64091032951e-35 9.51032457731e-31 0.0913001423475 0.907434014889 4.25621826766e-18 2.32100762717e-11 1.13370767873e-13 1.2345113556e-32 0.00126584274017 1.45275608144e-23
Doc #151: 2.87152335033e-80 1.88117331936e-11 1.12480055795e-32 2.59533648883e-21 1.9712934121e-67 5.73390752304e-25 4.92153421756e-44 2.08115841494e-50 5.67739717649e-16 0.999999999981
Doc #152: 6.02578630553e-79 0.385783749337 1.13349063844e-32 5.90401091745e-28 1.05166664732e-44 2.48834193909e-33 2.92302211067e-31 7.80827433889e-34 2.06684674499e-27 0.614216250663
Doc #153: 0.00781831045115 0.466869508298 0.443884457428 1.03008872673e-08 7.37280488854e-13 0.0801519849853 0.00127572853467 6.8887734418e-18 1.05725412984e-12 1.08159804641e-20
Doc #154: 4.05523960857e-16 0.675384419606 0.00271242961918 1.64992609028e-28 7.28731315034e-18 6.31440006103e-14 1.71283178367e-20 7.41100286479e-10 0.298811160759 0.0230919892744
Doc #155: 1.03813429361e-28 6.0566695075e-21 2.21068295246e-35 3.20150864207e-50 4.25279455088e-38 1.0 2.53733611333e-49 1.41491549292e-15 4.17815428337e-16 6.25649865934e-31
Doc #156: 1.1795718799e-20 0.0153851838243 0.357783908599 1.53113150776e-15 2.86026800512e-07 0.507338308495 3.31666304117e-14 0.119488358135 3.9549188336e-06 5.10145283745e-25
Doc #157: 1.60269494407e-105 4.12335535482e-16 1.36410360637e-28 7.44712603899e-42 1.24616642722e-31 2.02728053605e-22 1.26025291933e-48 2.29129580361e-51 1.79647423816e-25 1.0
Doc #158: 8.42526994428e-29 1.5499409363e-21 1.66866769715e-35 3.22468219718e-50 5.31469602456e-38 1.0 4.09907169867e-50 2.55762333267e-15 4.14769269749e-16 4.77296373464e-31
Doc #159: 2.03408052728e-78 2.46166557539e-19 3.5014264298e-25 0.169790290795 0.0144885729212 0.00372563735072 2.87698685065e-22 7.13021410134e-06 0.775287323178 0.0367010455413
Doc #160: 2.49374654405e-56 1.08835468166e-33 5.85398660662e-38 1.08446540462e-43 4.27455211657e-48 1.0 1.12833294737e-41 5.29484078092e-49 2.83327923918e-23 1.60281254365e-34
Doc #161: 6.14996881017e-62 0.174856498276 0.681576060048 0.0193071510457 4.33108913009e-12 0.124260261533 3.0061362708e-17 3.78257466901e-16 2.90941979679e-08 8.18744618778e-17
Doc #162: 2.0968405716e-71 0.384802855102 0.429049517605 3.17808448362e-19 4.82456525193e-18 0.0610184481558 3.88140048614e-10 0.125048859772 1.28388153231e-13 8.03189774384e-05
Doc #163: 6.49139725276e-05 0.0552142527006 0.220782977578 0.213773958763 0.0806544335936 0.169406815976 0.0829200478336 1.14837881596e-10 0.16150323855 0.0156793609184
Doc #164: 4.26937350159e-26 0.0386955967133 3.28702461533e-07 0.724317480736 2.35303310129e-22 0.236986593801 3.11959766491e-11 3.09465659361e-27 4.95027892631e-13 1.51557360567e-11
Doc #165: 4.45526132088e-29 2.21403671404e-28 1.93507816331e-19 0.107535420723 9.02591961464e-05 5.70470051916e-16 5.70262885638e-14 0.892372888557 1.43152429333e-06 2.3888978826e-18
Doc #166: 2.45042587802e-52 5.76155292003e-31 2.31076194029e-24 4.01154228384e-09 6.74498716426e-13 9.76001920799e-37 2.55904887784e-37 0.999999995988 5.37027311566e-19 1.88576686235e-28
Doc #167: 6.07117967898e-62 5.00518592023e-54 1.0 4.2982475161e-55 1.45969593653e-54 2.95108664032e-72 6.37958838165e-50 3.75025152246e-49 1.9861377165e-50 2.23373612066e-50
Doc #168: 0.0293143834244 0.163824267741 0.215742997205 0.139032605088 2.08377291418e-14 0.00110381437825 0.45098193216 9.25973166974e-25 1.73872052883e-19 3.71764518605e-12
Doc #169: 3.59653931748e-78 2.30999872928e-20 1.07345008139e-37 0.0255808799618 4.54545452216e-15 2.30971103597e-27 2.53585895776e-32 0.974419120038 4.30657435996e-15 1.34807134497e-45
Doc #170: 1.29086948702e-38 0.582976626343 0.144530926287 1.09122149633e-17 4.33191898716e-28 3.28771967966e-15 2.58387097167e-12 1.27761083196e-08 3.65605061946e-20 0.272492434591
Doc #171: 3.45142663856e-45 8.77909361905e-50 1.0 4.68249967285e-56 3.74113483937e-59 1.59344169345e-54 5.024071608e-55 2.70275510389e-47 3.89402467539e-49 2.01488988413e-50
Doc #172: 3.84047927701e-116 5.77398368112e-21 2.49069162144e-07 8.48212903191e-34 0.0807141835072 0.919285567424 2.4061065804e-27 4.21406486477e-36 1.12052153795e-18 5.65433331732e-40
Doc #173: 0.281198829668 1.09377783282e-21 1.18635604041e-30 1.93366093134e-24 8.03153166922e-06 0.216632130338 0.502158482875 1.31889785233e-07 2.50112267025e-27 2.39369671569e-06
Doc #174: 7.76714321809e-67 1.07974695155e-29 4.26737583109e-15 0.0052048628949 7.05561270761e-16 9.39124819572e-11 2.48958708844e-30 2.5784380416e-10 0.942155234116 0.052639902637
Doc #175: 0.0336661947727 0.183621313773 9.49170280614e-10 0.0016110067212 0.0552253187124 0.250146361508 0.425485201256 0.0502445748408 2.74660260312e-08 1.75822682388e-14
Doc #176: 4.525402087e-11 8.47233119846e-12 6.35870234633e-66 0.74921750897 0.00882284746212 2.07611012594e-15 5.09523882466e-26 0.241959643515 5.55298379842e-36 2.28753168283e-30
Doc #177: 1.2306605868e-14 1.56733217332e-19 0.186033889213 0.349819531933 5.95167180498e-15 0.44515291902 0.0159712565092 7.86992342521e-23 1.37359754241e-20 0.00302240332536
Doc #178: 1.69834791183e-42 7.96293191931e-51 1.0 2.85074823351e-56 1.75170136289e-64 1.0194117159e-53 2.84882329967e-55 4.06575599169e-46 7.16244584075e-50 4.93680908228e-51
Doc #179: 2.02655911798e-78 0.305574087326 7.71105997008e-05 2.05588395454e-16 2.56072736038e-43 6.58239192714e-05 0.528615980697 1.96750906127e-34 0.00121971241875 0.16444728504
Doc #180: 1.47859375141e-35 3.9418544761e-05 0.999253598729 3.2429664234e-11 2.65986949771e-27 0.000706982693538 3.17039423059e-17 2.44329949425e-27 1.77323266835e-17 6.28329240407e-15
Doc #181: 1.59506945718e-70 0.999999999965 9.01706465082e-13 7.8799087944e-12 3.93625720589e-29 2.60583438128e-11 2.49805128529e-18 1.17367525414e-41 1.78927877022e-22 5.86881139645e-18
Doc #182: 3.82153429622e-80 0.577432039752 0.306500834148 3.09615293131e-11 3.12231246526e-26 8.81719826078e-17 4.44716631837e-37 1.8585956282e-45 0.116067126069 7.07285884904e-28
Doc #183: 1.71782396951e-48 5.61894027083e-06 0.994336406781 0.00565744241846 5.13420903419e-07 4.23643486708e-15 1.84391034946e-08 1.18913902919e-22 1.20802940686e-20 9.88319972193e-20
Doc #184: 4.6303719639e-19 1.72959537931e-17 2.6382630031e-23 0.751583188806 7.1863338447e-18 3.45802649413e-24 0.248416811195 9.19486167129e-33 9.32378814782e-29 3.05130883724e-39
Doc #185: 9.64069406424e-72 1.5106720281e-28 8.03362282397e-39 2.32822276518e-49 1.76333702549e-36 1.0 1.19143296811e-46 3.46323155705e-53 8.16548934027e-22 1.60590305616e-32
Doc #186: 0.0551847688005 1.32998381475e-15 2.71328868148e-08 7.41600599554e-16 3.83402698088e-30 0.0915602545523 0.853254949513 6.76263196204e-20 1.00106633137e-12 4.66163145634e-33
Doc #187: 5.40197132456e-79 5.20823094743e-09 7.00393785313e-09 0.000135896002658 0.0189658258686 1.21858875962e-20 2.31172763506e-09 4.34392356327e-24 6.27386480314e-05 0.980835524957
Doc #188: 7.21546394694e-13 1.1287374254e-10 0.000558240568226 4.21641304384e-20 4.02393623243e-39 0.870608410558 0.128833348736 1.5638099411e-33 2.33234272369e-11 1.00871553791e-17
Doc #189: 8.57092016268e-38 3.39906867929e-06 1.9829297181e-05 0.999927281663 3.28206773576e-09 4.92408864948e-05 3.95703648202e-12 3.92225059641e-17 2.45798549218e-07 2.16346828814e-23
Doc #190: 2.9290594364e-17 2.11305544034e-21 2.36206662589e-05 9.53482832076e-06 0.0468397373262 0.238025340467 0.229832424133 0.485267125907 2.21667190575e-06 2.29730519424e-29
Doc #191: 0.0337545020758 5.46083623952e-47 4.00601039946e-80 2.22838298465e-34 0.662167581303 0.085034185025 1.08580652557e-52 0.219043731596 7.84778472743e-35 6.01713555063e-70
Doc #192: 3.52550130803e-57 2.37530924103e-42 4.48829191484e-34 1.95813682672e-48 0.906791770026 3.86857484356e-49 3.05502791152e-54 0.0462614181501 0.0469468118234 5.50181545665e-79
Doc #193: 4.14543965124e-75 1.24963748556e-49 1.83406464262e-47 2.95882158518e-13 0.0522597114234 3.78237200723e-34 2.24133735803e-43 0.947740288576 9.57608851624e-36 1.40620827004e-60
Doc #194: 0.373889608104 0.342099141232 2.241400358e-08 1.92957994433e-17 4.53624314495e-30 8.39719901908e-21 1.8012923148e-10 0.28401122807 6.00592365561e-22 1.62916438182e-28
Doc #195: 1.17537288006e-57 1.60906117678e-84 1.77101879016e-73 8.6874652795e-43 0.742214536488 1.51424919192e-27 0.257785463512 9.93141892682e-49 3.72582552112e-36 1.62737347445e-83
Doc #196: 2.19051937637e-80 3.39372625443e-55 8.6280873404e-41 2.10125615293e-37 0.535745885536 0.249470118864 0.2147839956 6.39197590021e-45 7.88948463321e-38 4.1358669485e-77
Doc #197: 0.09832308037 1.4753859679e-34 1.70489788427e-36 6.22946164786e-37 3.23842175018e-43 1.32638948498e-43 0.372458384064 0.529218535566 8.25921483677e-20 8.12380394953e-34
Doc #198: 3.01992193971e-45 8.60552066845e-21 4.88057480117e-36 0.632457784378 4.90941682124e-16 1.35371285098e-23 3.43635766168e-26 0.367542215622 5.17597614123e-41 1.20982276666e-35
Doc #199: 3.53897555821e-54 4.07993170139e-07 0.999999589495 3.11013424355e-15 1.12306094338e-27 5.02253925586e-15 2.51184297421e-09 2.29331684176e-42 5.12124734351e-26 4.32455081761e-27
Doc #200: 0.38313846654 0.359112785549 5.99449168022e-06 1.73099426891e-18 8.67533645219e-25 1.14315287257e-21 9.70297427045e-06 0.257733050445 2.82802492628e-19 1.43565413081e-28
Doc #201: 6.59147955667e-22 6.27174136116e-48 2.92049697698e-63 9.77509667252e-12 2.95438983343e-18 6.11236287693e-53 2.97895721745e-50 0.99999999999 1.9186717858e-28 3.05090457158e-55
Doc #202: 1.44056072189e-46 1.06504461677e-14 0.011709468898 2.89499914381e-20 4.84757643749e-25 0.0294917025551 0.299014200236 8.110488627e-37 0.659784628311 3.02185352112e-16
Doc #203: 1.17066110128e-33 2.75495314874e-16 8.82579510784e-08 0.999999815049 4.19463425127e-09 1.80123415693e-09 2.22743787446e-12 2.3800861301e-18 9.06951618461e-08 2.43065934234e-22
Doc #204: 1.8995120877e-117 3.72941665169e-69 1.20545826236e-22 1.38649888821e-49 0.751777182217 6.0426715567e-09 0.24822281174 1.99777401812e-37 9.98652765356e-32 9.67467098514e-79
Doc #205: 3.63311360489e-41 0.161379784824 0.010845565851 0.414351454111 0.0328750461973 4.91479141456e-15 6.92536380814e-07 0.000733143706088 0.379814312775 7.44900131308e-17
Doc #206: 3.32990652682e-45 5.37503135629e-22 1.64439836952e-46 2.02818250508e-18 0.883921955198 2.17525255058e-39 3.27497252962e-27 0.116078044802 5.74649089261e-29 1.26945376049e-27
Doc #207: 2.11510007638e-51 3.41547188751e-17 0.900705314119 1.45750539871e-29 1.46533048976e-19 0.099293982857 1.69944831265e-09 2.19155113004e-11 7.01302909805e-07 3.72503459471e-16
Doc #208: 0.0421567802128 4.01073648395e-50 5.75940765543e-83 3.02139205518e-40 0.584955643542 0.104293004476 3.00790355261e-58 0.268594571769 1.12399330688e-37 9.98306222802e-73
Doc #209: 3.88431583874e-52 1.33790398424e-40 6.3112509768e-28 2.85280544586e-45 0.866406968384 1.38598440067e-45 3.8028380455e-49 0.102878339847 0.0307146917696 8.55040494503e-74
Doc #210: 0.0431407598233 1.41953908086e-16 0.124864827155 0.3890864943 5.8135783593e-06 0.285835957206 6.30105124594e-13 0.157066147937 3.47873399573e-17 8.39037571397e-23
Doc #211: 0.0094702069003 0.0627737613756 4.13365210778e-39 7.41765969707e-16 6.72541290228e-54 5.48592646938e-32 0.015089475517 5.31662159354e-11 9.75873623801e-30 0.912666556154
Doc #212: 2.48179727516e-64 7.41235146529e-09 1.97361936914e-05 2.21067279618e-25 5.1331416279e-22 1.03487507726e-23 1.36354263272e-15 3.79782656914e-13 0.908758595524 0.0912216608695
Doc #213: 1.85419976597e-34 1.42051919007e-09 7.16055166916e-22 4.6298602285e-30 8.41670519494e-20 0.999999998579 2.10177715717e-39 4.87376397333e-25 4.6325929821e-23 3.1553166827e-36
Doc #214: 2.0517334467e-52 2.83156046753e-17 2.73315289388e-35 5.70240444683e-08 0.262898490964 1.63752084504e-17 0.135115345274 0.601986106738 1.28193896311e-16 1.94343927692e-39
Doc #215: 2.23856566242e-99 0.247738949232 0.00974584667305 0.236914898602 1.32786134749e-24 0.505600305493 5.99823736298e-26 1.27092864586e-21 2.60996536102e-28 1.32344497166e-14
Doc #216: 2.05177875393e-82 1.04265732515e-30 1.27742331689e-36 2.99896466581e-49 3.0900558076e-26 3.32381125667e-21 8.38952489044e-27 1.0 4.47756927895e-18 4.99556460063e-48
Doc #217: 1.26679984272e-45 0.00182597408277 0.735511076581 0.0259529568043 4.71373261003e-14 0.0592753130586 0.177434679474 8.08617413447e-24 7.31696654363e-14 3.27983413677e-16
Doc #218: 8.25952344855e-30 0.165453871377 0.439846535549 3.73172899603e-15 3.51268605369e-30 8.90024951383e-06 1.38168868829e-20 0.394689488406 7.09528354008e-14 1.20441756344e-06
Doc #219: 3.50611110133e-47 8.96118243986e-15 0.767700911827 2.29615379767e-41 7.37731877175e-12 0.23229871622 1.22862571225e-27 3.71944802646e-07 8.14387376406e-13 1.11533306242e-39
Doc #220: 1.80356056898e-63 8.29136779775e-06 1.63467319218e-05 3.67252643745e-23 1.57500577514e-22 2.07102104276e-14 6.34610837042e-27 8.96230014526e-31 4.96629858986e-08 0.999975312237
Doc #221: 2.86484217208e-44 3.67821816904e-10 0.0110614100707 7.88000030174e-44 1.63842712669e-29 0.988938589551 3.574665205e-30 1.2424775394e-32 1.00065356622e-11 5.4616206079e-23
