Doc #0: 5.1163538288e-28 1.38602124159e-34 3.75677321391e-23 1.40509385659e-25 1.0 6.66953591529e-21 2.81438579245e-35 2.44881187962e-18 3.08135811311e-23 1.82947631398e-20
Doc #1: 1.54585944618e-15 0.986142891679 7.56612195017e-23 1.3546679744e-17 8.88445508784e-26 1.08937921284e-21 1.67140538922e-23 8.43774644097e-26 0.013857108321 9.47142806422e-22
Doc #2: 7.52859493418e-20 1.11823165036e-13 7.40171574037e-19 9.85643539064e-14 2.76743281124e-22 1.76079274333e-21 1.0 1.2660933555e-31 2.8930647973e-17 4.07076374726e-18
Doc #3: 2.0040527989e-21 6.64679359695e-06 1.89103442447e-21 4.42825634862e-12 3.18710575178e-13 2.79558297787e-16 0.999993353202 1.27487324336e-13 1.57177549026e-23 2.84741005668e-25
Doc #4: 6.24526977803e-09 1.1968965922e-13 2.42379523438e-22 0.999438218646 2.93418656819e-06 0.000558840921847 1.04558543151e-16 2.4794363222e-22 6.84993436121e-18 6.25088105271e-17
Doc #5: 2.67079205832e-19 2.90894326045e-22 1.77034414228e-17 4.87073719713e-19 1.92802639012e-15 9.80987028998e-16 4.56521342008e-20 1.60839982213e-24 1.3355438569e-15 1.0
Doc #6: 6.99832348066e-08 0.0239020283716 4.65570604883e-11 3.71979084506e-14 9.31774375993e-24 0.976097900172 1.93736466181e-10 9.61374333263e-18 9.85887827754e-28 1.23328930771e-09
Doc #7: 2.85213148264e-23 1.29559776764e-08 0.999999987044 4.25630434637e-20 1.40311257053e-33 1.25814819269e-31 1.05700973916e-20 2.95046770624e-41 1.98957272044e-31 2.96796155847e-21
Doc #8: 3.78903004377e-15 0.0925671372231 8.44956486688e-21 0.907432862777 1.89625081061e-20 1.25023157591e-32 8.69514996404e-15 5.23092626992e-29 2.4137054753e-25 1.94778365003e-20
Doc #9: 2.39093628073e-11 3.29275398231e-11 4.02096378977e-05 1.16964347262e-14 0.999959790305 6.30120321522e-19 4.73510765418e-15 9.49842326867e-23 8.51414168589e-25 3.234649194e-13
Doc #10: 1.83694140494e-29 3.49931751087e-30 4.50388325696e-25 1.0 1.7372222662e-30 1.62503149171e-18 5.55222923782e-25 1.72604992145e-26 9.02203333551e-34 8.82813490076e-21
Doc #11: 5.16721425525e-13 2.56409118165e-19 1.98007730329e-22 5.89068860364e-23 2.10471248433e-05 5.05957482134e-12 0.999978936442 1.64273005474e-08 1.32881885628e-15 1.50337438244e-23
Doc #12: 1.78852951954e-20 7.91473580617e-25 0.00018698811034 5.16890973066e-20 3.24675384513e-20 1.97266904121e-16 2.75165126703e-25 0.99981301189 8.79974289312e-32 1.04990190868e-28
Doc #13: 8.91624485942e-27 1.0 5.60701456652e-30 1.23289700009e-23 4.91784245649e-37 9.04065440594e-30 2.55954036486e-31 6.47152486513e-37 1.8840146088e-25 4.30989658869e-40
Doc #14: 4.43641278101e-22 5.30124045364e-18 2.50102207526e-27 6.52210508115e-24 3.11939919093e-25 1.35440529447e-17 1.0 2.51542458654e-24 4.77278380212e-26 2.0501668365e-21
Doc #15: 0.210381499277 1.04658725978e-11 1.59816407386e-19 4.47785611926e-21 0.259199583551 1.98219691347e-06 5.12252013531e-20 1.44008381598e-14 4.32164040901e-09 0.530416930643
Doc #16: 1.10092976436e-21 3.35581992487e-15 0.999999345027 8.19260477305e-10 3.92298029797e-32 1.7117999067e-26 6.5415385517e-07 7.77697542172e-48 6.03638489716e-30 1.79410885137e-28
Doc #17: 1.39562901407e-25 1.14124244158e-25 8.96240884097e-23 3.11196927011e-19 8.89379760641e-19 1.0 2.34023509817e-27 2.56863031395e-19 7.91502840015e-22 4.94822201796e-24
Doc #18: 1.35698459766e-16 1.95203733224e-14 1.53398508483e-14 2.2198612278e-18 4.24052501818e-16 7.21705248832e-16 4.80793195139e-16 1.96156609391e-21 1.0 1.31665288794e-20
Doc #19: 2.63826773541e-12 4.26927307904e-13 4.61772258957e-16 0.502069551657 0.453310678849 0.00019442845686 0.0444253401859 8.47276657983e-10 2.79117038386e-17 5.77526762633e-13
Doc #20: 6.42447225881e-16 8.5717252068e-23 4.66247875422e-18 1.22114690075e-26 4.26471864772e-28 6.19851387357e-16 1.78143414629e-18 1.0 8.33286612995e-34 3.07706201443e-22
Doc #21: 2.45897144654e-29 1.07083363217e-20 3.0084955101e-09 1.79419666308e-25 0.999999996992 9.77938602725e-25 5.61749074936e-23 1.69580766218e-24 6.04815546302e-25 2.38675810372e-29
Doc #22: 8.77162210573e-29 1.68823010854e-35 1.2345279668e-27 1.0 3.43855249908e-26 2.32398561651e-22 1.94075728196e-29 7.74953019676e-30 1.29587412711e-34 3.2969386003e-27
Doc #23: 3.84442185066e-18 4.04932299288e-19 1.07497369753e-19 4.99948638496e-23 1.20037579649e-28 1.84543334888e-22 1.0 5.21645006167e-35 2.56441979688e-23 3.06495890277e-25
Doc #24: 1.52794479905e-13 6.94997732052e-31 2.67300958981e-13 1.76091753503e-11 1.30350673793e-06 8.36627915467e-13 0.999998696468 5.61209292713e-12 1.04046765471e-32 1.23801735792e-12
Doc #25: 3.08969874035e-16 4.39011040821e-11 0.00239381702072 0.562209077398 3.00474446684e-14 3.33257450031e-10 1.08353593906e-33 1.16739135666e-15 1.06842941087e-31 0.435397105204
Doc #26: 1.8756014789e-10 8.6545885605e-05 1.87393528129e-24 5.51867468477e-18 1.13081329959e-15 0.321216213465 1.33483524492e-11 0.497940085886 0.180757154563 8.47592298276e-14
Doc #27: 2.63570650029e-20 0.246377981222 2.85004824223e-23 0.753616393064 3.13206571839e-20 1.00651716721e-18 1.19504041777e-23 2.3315731269e-18 1.28964395584e-13 5.62571441014e-06
Doc #28: 1.33264617352e-06 2.04124581514e-08 1.24848973893e-22 1.19211847622e-11 4.92187209893e-21 2.59685130105e-19 6.46943531217e-14 5.68303534991e-15 3.13156056e-18 0.999998646929
Doc #29: 2.63155357073e-20 7.28773622129e-09 0.999999992712 1.31393640848e-19 8.47176302252e-32 2.74407481776e-30 1.87309535262e-19 4.30403712565e-38 7.89207802114e-31 4.85190224124e-21
Doc #30: 3.69205415856e-14 0.990416436119 2.87657308405e-19 9.99777585348e-20 1.67915658472e-26 1.56361545854e-23 4.0067745235e-16 2.17006665377e-23 0.00958356388106 8.80365926471e-22
Doc #31: 1.84343632008e-10 0.722011442312 1.27757701966e-09 0.160888086104 0.117094843597 3.88864177684e-20 3.25099843931e-14 2.50298610257e-16 2.25219534226e-07 5.40130622913e-06
Doc #32: 8.16180689118e-13 3.79037971452e-11 9.51752711862e-05 0.999904824689 1.15580324764e-13 5.76102348274e-13 2.80483200769e-14 5.16970810463e-25 1.16692042954e-21 2.60588017324e-15
Doc #33: 0.000205953693159 6.3869466329e-06 1.44663359556e-17 5.72933677856e-13 0.999787578532 6.72601231821e-08 1.35297611918e-08 5.27913241185e-14 8.51589965868e-23 3.72511421753e-11
Doc #34: 5.02841736746e-23 1.0 3.57700330275e-18 4.35401167373e-14 1.79431716222e-31 4.66258236673e-14 1.51202837394e-14 8.59685991827e-30 6.52121487077e-25 3.61889411702e-17
Doc #35: 2.58394905988e-11 0.00309607720235 3.4195657021e-27 0.996903922771 9.6823150273e-24 1.3707305826e-29 7.16577135024e-38 6.00591332519e-29 1.18936677741e-12 2.874020984e-26
Doc #36: 3.65599438538e-22 7.40965161649e-23 2.00409159035e-18 8.67629515089e-23 6.01988148604e-33 2.61498578377e-27 1.0 3.74597513961e-34 1.02708859752e-20 1.96159096805e-28
Doc #37: 3.53576951187e-08 0.041295889587 2.00767281181e-11 0.773750401407 1.30998350362e-24 7.60965046135e-12 1.86243298641e-19 1.55286167797e-37 0.11833857235 0.0666151012697
Doc #38: 7.78767847069e-15 7.88818959956e-17 1.0 1.78702066276e-15 6.25250388472e-24 1.73404386536e-18 1.40027365055e-18 2.82964040801e-24 1.16997728085e-18 1.16566275436e-15
Doc #39: 9.56958352814e-13 0.824564035808 2.03366075979e-13 3.7157953777e-05 0.131342534924 3.01788133166e-11 4.21970650124e-18 3.60863818095e-14 0.044056259857 1.14264028797e-08
Doc #40: 3.05230332246e-27 1.0 2.52587253391e-32 8.71226296915e-31 1.26551161401e-31 9.82533493219e-42 9.22272806779e-34 7.05050594712e-44 7.48658901332e-28 1.04136140455e-36
Doc #41: 9.97576255445e-22 5.68831883925e-07 1.17578120683e-16 0.999999431168 1.9938321508e-25 6.07242804616e-30 3.17782160297e-16 2.50245577599e-21 2.23606069524e-27 2.57913644663e-16
Doc #42: 4.70842855312e-20 5.79834600116e-23 4.2948178e-23 5.73564381371e-14 3.39495184386e-17 1.13951462459e-16 5.68412561608e-35 1.84769579784e-18 4.72599476921e-22 1.0
Doc #43: 7.55812130845e-33 1.0 6.96949995118e-29 2.97276456004e-20 6.52016285038e-39 1.2911598823e-39 1.83267568639e-38 8.05125834792e-37 4.82165878318e-21 1.49711203441e-31
Doc #44: 4.85783244973e-16 4.24478318841e-21 1.18256561882e-10 5.70766871521e-18 2.66554911359e-25 7.57260435973e-17 0.999999999882 7.33778659688e-24 3.33222266326e-16 6.76330062384e-17
Doc #45: 0.214085164882 3.91542899603e-12 2.35478250908e-05 0.260758361165 1.58887300526e-07 2.27637043356e-05 0.107167284677 0.409992524911 0.0031495861012 0.00480060784347
Doc #46: 8.0842035967e-15 1.94860945545e-19 1.03091239461e-11 9.55682872625e-16 0.99999999999 1.10811960466e-14 3.49892522893e-17 2.07490105494e-19 9.48765716326e-17 2.46140419552e-16
Doc #47: 6.45270432862e-19 1.12612755282e-13 3.42068574508e-23 1.99219761503e-13 0.80094369522 5.72135313214e-09 6.87717241329e-12 6.70576300398e-13 1.1687344665e-13 0.199056299051
Doc #48: 4.68428644696e-17 0.999999999999 2.46486002774e-24 5.36965734607e-20 1.05938171356e-32 1.24681893188e-27 3.22922907957e-33 1.15608230537e-22 6.4324443941e-13 8.19441167905e-27
Doc #49: 1.78101720516e-11 1.95917378257e-14 4.3632308018e-13 2.19601360522e-13 0.999999999982 1.01853237332e-20 8.30943144584e-18 1.3367310904e-27 4.63929994886e-25 3.15847119265e-17
Doc #50: 1.09637101224e-08 1.35476968039e-08 7.0055868728e-08 4.24472988616e-13 5.05278274263e-27 0.999999599802 3.05630401258e-07 2.50808314133e-17 4.70778014999e-15 7.24885769955e-14
Doc #51: 0.292887156666 1.39161589108e-09 0.0732282093344 0.157917992194 0.00242114726779 5.97727040032e-06 1.19494382175e-07 0.212344593581 4.12121230664e-08 0.261194761589
Doc #52: 8.49380714569e-21 2.59151220521e-39 5.54440081214e-27 5.69315809755e-19 5.13803734923e-27 1.0 1.63522859531e-28 2.01238033248e-27 8.83885095184e-31 4.90192810408e-20
Doc #53: 3.06746292119e-16 3.45117924441e-21 6.93746932432e-19 6.73176065045e-21 4.11824950846e-27 2.43087336183e-17 1.0 2.35556372061e-23 1.10104952405e-18 7.81723588104e-24
Doc #54: 5.16751660167e-40 1.0 2.91252161791e-35 3.11017236129e-37 1.60544939026e-50 1.70580781622e-45 2.18993422613e-32 2.36243451953e-48 3.16975306949e-34 7.3982260285e-42
Doc #55: 0.31607222019 2.11531626812e-06 4.32752028973e-14 0.00136816947608 3.15800149746e-14 4.27749469167e-08 0.629790100743 7.96468320012e-10 9.44911546134e-10 0.0527673497589
Doc #56: 3.4073671897e-23 2.21663488607e-30 0.589296838281 1.59788407165e-21 0.410703161719 1.39516103502e-20 2.57485762849e-23 1.00529847997e-15 2.29516254515e-23 1.38354755568e-18
Doc #57: 8.01507078566e-13 3.4534401642e-24 7.59585115816e-05 2.67005557311e-10 0.473735938735 0.526175818327 3.31707267648e-17 1.08362206499e-05 1.98810220106e-07 1.24912861318e-06
Doc #58: 8.02627586996e-20 2.5951228599e-08 0.999999974042 2.72250493266e-14 3.41801136422e-19 2.78159407246e-16 4.73586921095e-18 6.65553412926e-12 3.37034901624e-16 1.27915313677e-20
Doc #59: 1.3267770012e-06 4.51284203691e-27 7.07340047233e-14 8.21097960582e-11 0.289215970293 0.207668330933 1.21001841603e-19 0.503114371914 6.25216791587e-22 5.9444616506e-15
Doc #60: 1.97961724972e-14 2.42464101134e-24 5.92261096821e-15 2.35371790393e-17 5.53271803626e-18 2.24502612281e-10 0.999999999775 6.34892178832e-32 3.28409570021e-27 2.37380019413e-13
Doc #61: 4.76490921597e-15 6.54337695895e-21 0.831275227352 1.98958517111e-13 1.22467354106e-26 5.07437342504e-13 0.168724772647 2.11409845079e-21 3.61693662189e-17 5.31313569427e-16
Doc #62: 0.999999999396 6.36045163302e-22 1.99621211549e-19 1.18896995505e-16 5.09462928976e-17 1.2632463757e-18 4.65041781318e-31 2.08245768539e-21 6.01887698775e-20 6.03921540716e-10
Doc #63: 3.94699960665e-11 6.7172567163e-21 1.32967147199e-28 5.00114494475e-19 0.999999999961 5.85671917233e-19 8.1078315717e-23 1.55606869524e-19 3.52479679398e-18 1.51937815678e-21
Doc #64: 1.62961332789e-15 0.00142360850413 6.65073913717e-16 2.18376612363e-13 3.52689417674e-21 1.68891372005e-12 5.28182400669e-13 6.1268263643e-22 6.98564767647e-14 0.998576391493
Doc #65: 0.931370786589 1.87370684869e-20 0.0175663403972 6.28569827075e-11 0.000380360585087 0.0506804754836 3.31113122367e-22 2.03687267403e-06 2.07849394078e-30 9.31759921963e-12
Doc #66: 0.213532500604 1.53057584846e-11 0.154378194132 0.00518330038497 1.41979464636e-08 0.00117678655552 0.29798659151 4.01671412557e-06 0.217876487395 0.109862108491
Doc #67: 1.27947049618e-11 1.05553636684e-16 2.80272344589e-20 0.999999999987 1.74131454608e-18 1.23100859261e-13 4.5258334532e-15 1.2183349211e-15 4.27668484965e-22 1.33049379521e-15
Doc #68: 1.40443084937e-11 2.60538606622e-20 3.44815513406e-14 9.72808530582e-25 0.999999999986 5.19351474755e-18 5.15864096795e-14 5.17998022895e-21 3.23998439959e-21 8.7776874756e-21
Doc #69: 0.999866133445 1.44630499997e-11 4.66567444794e-13 4.00608606413e-18 1.82916196518e-33 3.71484829378e-21 0.00013386654014 3.38853559813e-38 1.05066139446e-26 3.4870041808e-20
Doc #70: 0.989383601474 2.60094378675e-17 4.04277017625e-19 2.9854771866e-13 3.89086047939e-12 0.0106144002178 1.72433000403e-10 2.83776397667e-09 1.9952933036e-06 1.07380298667e-13
Doc #71: 0.63254067015 1.13972480256e-21 1.62442372909e-14 0.000312635428589 0.0874239628534 0.277267058911 6.50295597622e-05 3.48162601949e-08 0.00239060821303 6.87853016901e-11
Doc #72: 0.999977550275 2.08185402534e-07 2.22415395346e-05 2.28112003248e-17 3.61480205666e-37 2.07463842801e-21 2.78035178992e-29 1.33683339465e-41 4.81413190025e-26 1.36596363036e-13
Doc #73: 3.62125619666e-19 0.0778305598707 0.922169331072 3.09925265588e-08 1.96325814918e-32 3.02437687038e-22 7.80652398455e-08 5.63560059966e-48 1.93808831313e-22 4.65049782653e-22
Doc #74: 2.06020624013e-09 0.625009392386 7.93573484267e-13 0.374990605545 2.49318286518e-17 2.39465552806e-18 3.32356882366e-15 3.48384180149e-34 8.09191199946e-12 1.02035660037e-16
Doc #75: 0.436694955413 2.07665586203e-16 1.16281434685e-08 1.52760679797e-05 0.563288735193 4.38860839293e-13 5.08256617859e-07 3.86243734137e-07 1.08826696857e-07 1.83706357239e-08
Doc #76: 0.99999997241 1.06470102384e-13 1.61004647614e-13 3.09391973398e-15 4.80646495028e-13 5.74585167412e-13 2.75890491279e-08 5.32765234535e-27 8.38925891653e-28 2.24947897995e-16
Doc #77: 0.15494184126 2.84109745594e-10 0.00715411256847 1.40161992473e-11 1.9501968311e-11 1.08262437095e-12 1.52574428714e-19 1.85568596425e-19 8.81731261344e-14 0.837904045853
Doc #78: 2.31117687339e-18 6.66639962344e-28 0.999999882457 2.32659545054e-17 3.63750213741e-15 1.17542510138e-07 5.81931813377e-17 1.07073963496e-23 1.18439131338e-26 1.96729622617e-20
Doc #79: 7.72793870965e-16 2.1749578636e-18 1.61458177876e-21 3.11803903103e-16 5.23120609789e-21 2.63518351295e-16 7.62375697035e-19 1.99848886823e-15 4.23805756455e-15 1.0
Doc #80: 1.93659015854e-24 0.0533949372379 0.277979346326 8.8456868657e-14 0.668625026682 6.8975316982e-07 4.31722222565e-13 6.44590720608e-22 5.90431916044e-26 2.8198475201e-23
Doc #81: 0.99712446893 0.00198787513325 3.32220170896e-21 2.00007933956e-09 2.76720828142e-12 1.8692733446e-10 0.000887653746294 1.34485014116e-17 2.04379729772e-21 4.92337265864e-13
Doc #82: 0.0103844901164 0.0967665423972 5.90506775416e-12 2.49896534322e-09 3.1378941422e-06 7.41564104626e-13 3.3537537951e-22 1.50689429166e-22 1.08429282218e-22 0.892845827087
Doc #83: 1.83967492998e-20 3.12456089221e-17 5.444237806e-11 1.90725274416e-14 0.999996397572 9.87905077405e-21 3.60237296102e-06 5.27642369256e-15 1.44819468126e-18 4.34105536425e-13
Doc #84: 0.476092446937 0.127381753423 0.205719695214 2.86457482559e-11 2.46386723551e-05 0.160046461202 6.96154842948e-13 0.0307349862751 6.72691191944e-24 1.82474834362e-08
Doc #85: 0.0490833907933 1.16362672424e-09 7.4359549508e-08 6.32314856867e-13 1.28852107504e-19 0.950916533683 3.28771137175e-13 9.39458571683e-20 9.9069795173e-22 4.0485599561e-15
Doc #86: 0.511882684014 8.41949643915e-26 0.00350466312188 0.469382236919 9.3478616581e-08 1.43136718627e-10 7.51076994147e-18 0.0114270405162 1.56382550515e-18 0.00380328180779
Doc #87: 1.26527379625e-18 7.45129270836e-08 4.54780939835e-08 0.571348389348 5.71202168298e-14 0.133130546887 2.5021999451e-10 5.09544942519e-08 0.295393130781 0.000127761788352
Doc #88: 0.45301608185 2.89516611691e-05 3.4607504796e-07 4.17108372432e-06 2.82052723095e-24 1.6460732513e-15 0.0912196814275 0.455730767902 1.93822654225e-17 5.26340315507e-14
Doc #89: 3.84460136866e-13 9.62614334968e-26 0.999999999995 2.68276130592e-18 1.13522115601e-26 2.22834211026e-20 1.74837988659e-25 4.16111843049e-12 2.82379681426e-25 1.75413957133e-16
Doc #90: 2.00303614229e-11 1.08851067176e-06 2.57213451835e-23 6.72747167794e-14 0.650508663539 0.000613178625176 1.51862655788e-17 2.26871247666e-09 0.348877065762 1.27382250967e-09
Doc #91: 8.35016539873e-20 5.47393399016e-23 2.57553805786e-23 7.52899358423e-20 6.29135089097e-14 4.26240318411e-09 2.65077423349e-19 0.0869155289229 0.913084466815 1.32433292069e-14
Doc #92: 3.67473029904e-13 1.15865831916e-28 1.63537277369e-17 0.881538325032 5.48229338887e-20 6.71603484551e-22 1.02514150838e-19 0.000752612925006 0.117709062043 3.89229740401e-13
Doc #93: 4.73309447293e-18 4.25814277681e-17 8.27031278468e-30 6.29949860884e-22 3.8503994411e-28 3.29892912271e-20 3.02942268889e-22 0.999999908327 9.16732235812e-08 1.61923231069e-16
Doc #94: 1.29547157841e-31 2.89357913014e-19 1.48985395993e-32 8.68579745769e-24 3.47079503627e-23 4.06410324674e-23 1.56973139559e-24 0.999999999978 2.21707112819e-11 1.7974227555e-22
Doc #95: 0.40051338467 2.78709277468e-13 1.22000790751e-05 0.129830758371 4.27709116759e-22 3.17517934873e-10 3.14009482428e-12 3.69152646864e-16 0.469643656436 1.23338291254e-10
Doc #96: 1.77261751924e-12 1.74351845014e-17 1.95382654241e-13 0.647902376019 0.278488825845 3.36728547451e-15 0.0736087981298 7.77511684169e-19 4.53367454061e-24 4.42192332733e-12
Doc #97: 1.0 3.8607073111e-22 1.4694527015e-25 4.40297120873e-17 1.1809233402e-17 4.819667891e-13 2.47835808667e-16 1.47118622916e-14 2.14839271567e-15 1.33705307469e-17
Doc #98: 7.8664537813e-28 1.66187116073e-20 3.19507430427e-34 9.05252029238e-30 5.19054554347e-35 7.38619215449e-25 8.80796303909e-38 1.33434601579e-12 0.999999999999 7.96220313552e-26
Doc #99: 1.07437363825e-09 8.72628667506e-20 1.10095201007e-15 2.13335110617e-12 4.06495541951e-19 1.17195510921e-25 9.87714003129e-08 5.55072409255e-23 0.999999900152 9.01484118672e-16
Doc #100: 0.338815069907 0.19007294551 6.03971623566e-12 0.00455038881377 0.465841036739 2.99476713195e-07 0.000257597553157 0.000453522660519 3.91745576185e-13 9.13933304724e-06
Doc #101: 5.47746958219e-14 2.04839279228e-18 3.4062612818e-18 3.05524745971e-22 5.31046517995e-24 2.36326907589e-12 0.0315492618706 4.09784119311e-25 8.50169956529e-25 0.968450738127
Doc #102: 2.26497872314e-06 2.1068476019e-14 1.91609731002e-19 1.71573421871e-09 1.57108622719e-13 3.09970177728e-09 1.99739665342e-07 0.598137866448 0.401854953866 4.71015205949e-06
Doc #103: 3.29755435576e-14 5.68774638695e-32 0.999999999999 1.84702004035e-26 1.82265912771e-19 7.45707508423e-13 8.04560563117e-20 1.01113825938e-19 1.96429009777e-16 8.39960040416e-16
Doc #104: 6.64635169058e-28 2.26928251863e-20 1.61993474632e-37 7.5658465161e-31 1.70371025144e-34 6.84857187042e-32 1.12704505362e-32 2.89244683239e-15 1.0 1.13154233943e-27
Doc #105: 2.52364476636e-14 8.54577079351e-07 0.999974024712 1.08171448515e-11 5.44731413376e-27 8.12055809066e-25 2.51207003472e-05 8.16955994245e-24 1.02119260372e-21 2.17936212123e-25
Doc #106: 3.05338564126e-16 1.20036837159e-13 0.458487008086 6.84009079949e-11 2.54818828901e-10 0.00297351641012 0.538508454447 3.10207264392e-05 7.07554513672e-27 6.78753805757e-12
Doc #107: 9.61893351113e-21 1.05633317186e-17 3.50413982344e-29 1.55681698496e-20 8.38693013781e-29 2.50958724293e-20 1.95873809704e-15 0.999999999944 5.60700780919e-11 1.75818948429e-22
Doc #108: 8.41143465906e-11 5.91250409917e-20 1.17733046971e-23 0.999993013729 1.0363038559e-13 8.13116040159e-13 2.07604366254e-14 4.8062898009e-07 3.78811990002e-11 6.50551941529e-06
Doc #109: 2.20695243462e-22 8.9909076976e-26 3.78019258972e-28 8.14988824234e-30 6.03172270532e-28 9.00833226722e-22 6.12410148583e-24 0.999999999952 4.815624425e-11 6.58158254159e-21
Doc #110: 0.0611554207283 1.45396671332e-06 2.50748569538e-10 0.938843124886 6.33337954331e-24 3.04666192451e-17 4.62861149661e-12 1.89103283355e-17 1.55286765328e-10 8.63121293957e-12
Doc #111: 0.000106222568394 4.71992165697e-10 0.743111628167 3.11266646194e-06 2.30474171357e-23 1.87392495898e-17 0.00260992630718 1.29136276997e-20 3.0560597413e-27 0.254169109819
Doc #112: 1.4878776357e-13 0.999999701626 1.55041175919e-12 6.74584012976e-11 2.90521016484e-07 1.41998274129e-14 1.24056329026e-11 7.77109577514e-09 2.16652960252e-18 1.38146587035e-16
Doc #113: 1.73494825722e-15 4.51848740065e-10 6.85392667728e-38 5.44413551851e-16 1.23063541646e-43 9.71189470208e-31 7.94832388836e-32 9.41317916347e-26 0.999999999548 5.6986117256e-22
Doc #114: 9.41989744452e-06 0.222398627283 0.196430101788 6.88284453106e-15 1.8870931761e-14 3.62979929958e-09 0.111172466517 2.49612159987e-13 4.01393595813e-19 0.469989380885
Doc #115: 0.433256007338 5.13663692437e-07 1.29195089407e-19 5.22017195977e-05 1.24768128638e-12 4.52118958422e-18 0.205604988942 2.22343708152e-07 0.050813399237 0.310272666755
Doc #116: 3.84675984383e-06 0.000647205539505 0.187120821125 5.31364905012e-08 0.176059918818 9.00605062442e-13 2.68707552817e-08 8.24020624822e-12 2.68287105137e-15 0.636168127742
Doc #117: 1.0 1.361993445e-21 9.4387567761e-20 1.3360570536e-33 8.30429775584e-31 7.19708544483e-14 1.90086593868e-17 7.69726148836e-19 1.87421279649e-21 9.49349726981e-20
Doc #118: 0.367074608003 0.0235240287167 0.609390684652 1.44502843722e-09 1.91957541123e-18 2.58852973876e-06 3.75281249219e-08 1.46728726832e-15 4.86181744355e-17 8.05112546407e-06
Doc #119: 1.93050514841e-11 4.38582436831e-28 5.23566097531e-10 7.8862539443e-20 1.45203136424e-22 9.1099055689e-14 2.04611076031e-22 2.48860823709e-19 6.78107201346e-28 0.999999999457
Doc #120: 0.000783200114869 0.419079649443 1.50401278944e-07 0.000905322150965 0.00583761534545 0.117111914576 0.121609432924 5.31237813839e-06 1.49733262685e-12 0.334667402664
Doc #121: 3.47098961575e-22 6.27454796599e-13 3.24362831363e-24 4.59134237585e-19 2.13552616636e-28 3.95780456891e-19 3.5482053099e-28 3.37727531557e-32 0.999999999999 2.99412750219e-27
Doc #122: 2.61774626223e-22 2.05852216769e-19 5.31508332868e-09 2.36518074676e-12 1.61342151361e-19 6.73912733332e-22 6.14247083832e-22 5.61583679502e-25 0.999999994683 5.16748751619e-21
Doc #123: 0.00308562231669 0.183883550484 3.22528799475e-08 0.476570090743 0.244395013737 3.66182404928e-15 1.48906170934e-17 1.85173525793e-15 0.0920656878918 2.57407145662e-09
Doc #124: 7.40774675747e-09 0.0557174556367 0.880038647606 1.33574854787e-05 3.29107368541e-05 9.20207306717e-12 1.72664311093e-14 1.501378905e-21 1.68556559993e-15 0.0641976211179
Doc #125: 1.85940356156e-06 3.83971435227e-16 1.25749527561e-13 8.44230064764e-17 1.08262996384e-22 9.89249972596e-06 2.26864881759e-16 0.999988248095 1.35553511962e-23 1.63434184565e-12
Doc #126: 2.73116104721e-15 5.63949555531e-15 3.28956760981e-29 3.92505089561e-12 2.9369789441e-17 2.21429156158e-11 8.19475606219e-16 1.51367729788e-14 1.67549685391e-12 0.999999999972
Doc #127: 9.20729271341e-12 7.55604365879e-14 5.65098793655e-06 2.37613977245e-14 3.59928956344e-21 0.999994349003 6.98499629698e-21 1.53234683234e-28 3.57812749883e-18 3.17578882958e-21
Doc #128: 1.78619107464e-06 0.0477487394636 0.952249473356 9.8946135455e-10 1.19483725785e-20 5.20804140084e-22 3.07693167374e-17 7.26047372015e-22 1.14208913639e-20 1.94823258989e-19
Doc #129: 4.23933267592e-24 5.97751746893e-32 9.48685921498e-27 1.37430124148e-23 2.1290126656e-19 2.70996979128e-14 1.97214971385e-18 0.0761902028656 0.923809797134 8.45712237595e-18
Doc #130: 0.158870329119 1.66045037827e-09 2.03471469302e-07 0.295697256123 1.17836946177e-21 7.69969775811e-06 1.33305468992e-09 7.2314723998e-23 0.545424508545 5.12676780495e-11
Doc #131: 2.15215011804e-14 4.02124090399e-08 0.000695472753419 1.69313759105e-13 2.95396802432e-10 0.999304486458 2.17210790895e-11 1.32990143071e-12 2.5760565849e-10 1.68808943849e-15
Doc #132: 0.145961826924 0.0270381519693 9.50856798305e-06 0.826990511998 6.82805612149e-33 4.86431930657e-17 5.40784278632e-10 4.45981381272e-32 1.68505847327e-24 8.21666405869e-23
Doc #133: 0.548334575373 0.0959703599544 0.111645727053 9.36564426573e-06 8.31964368659e-05 2.25967096105e-09 0.243951373827 5.31857031687e-06 6.47243985906e-17 8.08819755756e-08
Doc #134: 1.06250223255e-06 6.66965481441e-11 4.97124137532e-12 1.04084864603e-07 0.000182217650504 4.54087549536e-05 1.40502921116e-11 0.999771206911 8.18314071753e-17 1.1020960715e-11
Doc #135: 7.74394434207e-13 7.8934370071e-16 1.10907995678e-18 0.000123340119204 1.85238082917e-27 0.999876555788 1.04092491659e-07 1.39085602457e-17 2.97779854897e-21 4.10138467482e-20
Doc #136: 8.77825799483e-06 0.00598955805486 0.849747050502 0.011149292363 3.5276587423e-07 3.61044268582e-07 0.00197338070287 2.70366548747e-15 6.19372012719e-18 0.131131226309
Doc #137: 1.9508513913e-14 0.160754992832 1.07318060135e-07 1.0334928108e-11 2.5151770204e-11 0.839202801556 5.68345890494e-07 5.00930513763e-06 3.28065058951e-05 3.71410166962e-06
Doc #138: 0.00375289002967 0.0620054754899 0.368565841141 0.4283568241 1.06096412179e-14 2.84811134302e-06 6.75238055697e-09 5.61126336967e-22 3.25090511637e-08 0.137316081866
Doc #139: 3.47943893291e-15 4.51286364576e-21 7.06232774337e-17 4.51241941959e-17 1.03210509603e-18 4.72341483051e-17 1.36184420893e-18 4.65377847599e-16 1.0 2.56429349278e-19
Doc #140: 1.0 3.65285437884e-18 8.12272171231e-22 2.05110400221e-23 2.80650854076e-30 1.36250610518e-13 4.81254801658e-21 2.1364121432e-33 5.89847726527e-26 8.45023886741e-18
Doc #141: 4.40354874607e-06 0.0935304883339 0.444299583498 0.272733881468 0.167920236698 1.94365428248e-11 1.14034404644e-09 0.021509591481 1.13048132375e-10 1.81369962804e-06
Doc #142: 4.04677435119e-13 6.39051795851e-13 4.67593959336e-18 0.999977763005 2.02798827355e-11 5.37565131911e-12 4.92479485295e-23 2.22369672403e-05 1.1820961101e-26 7.83265867871e-13
Doc #143: 3.30319949369e-16 1.53490624682e-13 3.31605513042e-05 4.59375469949e-23 6.99316828456e-18 2.73246454451e-07 1.74222461925e-08 1.16997220428e-18 7.46180732015e-17 0.99996654878
Doc #144: 0.000373968911536 5.00967534006e-05 0.348717851447 0.252324619185 1.49432333095e-08 4.22595292812e-12 0.250740540488 1.30118591908e-14 0.147792908267 3.67831194428e-16
Doc #145: 1.47179072774e-15 9.14244139734e-06 3.79873037294e-06 0.970038701997 0.029381956361 1.25370170462e-27 4.02171240197e-14 6.61974576526e-25 0.000566400432828 3.74515745413e-11
Doc #146: 0.359145503113 0.236900313552 0.24134292245 0.000564180751918 0.000852553556175 7.75012753053e-12 0.000477192607073 5.38173107992e-07 0.153705011782 0.00701178400699
Doc #147: 0.173686114895 0.0681764512029 0.716741960843 1.04157589e-08 0.0413950611744 5.07836436967e-22 5.92592398421e-11 4.38175532662e-18 6.69571368044e-22 4.01409817702e-07
Doc #148: 4.28596549323e-09 3.65245849164e-17 0.693763526906 0.306204083183 4.24522837166e-14 3.23856249331e-05 3.76204173019e-21 6.35306086582e-31 8.30194047589e-29 3.46425722712e-14
Doc #149: 0.320943938918 0.469867067777 0.0686591746037 0.000107636159397 3.64853092705e-09 6.44303279104e-05 0.140356682633 1.92035853738e-10 1.24301549835e-14 1.06574036832e-06
Doc #150: 4.61380788403e-11 2.65224306377e-11 0.70462186062 0.192455226822 2.00008927801e-25 6.87300136247e-17 0.102922912485 2.29633400366e-17 8.00228909845e-15 1.23048585317e-17
Doc #151: 1.10883373616e-11 1.62528796829e-18 0.26150143045 4.51551917717e-15 2.33302393793e-06 2.99006422747e-14 0.678337713161 2.88810020467e-13 0.0582092996313 0.001949223722
Doc #152: 0.121082577805 0.0844068087049 0.657165755482 3.57261862316e-09 1.28686812562e-14 4.29812757657e-14 2.81184387654e-11 4.16445942637e-15 1.83100599373e-16 0.137344854408
Doc #153: 0.212854774406 1.0728927212e-22 0.717401839765 3.12942001862e-14 0.0697430596377 3.26066015225e-07 1.28251459461e-12 1.12083070133e-10 2.98874492593e-34 1.18056849316e-11
Doc #154: 4.99849937383e-16 1.50918549129e-13 2.1166416957e-15 2.04454709054e-20 8.4876286752e-12 1.91681852249e-17 1.28674790158e-10 0.613065963521 0.386933909326 1.27015936041e-07
Doc #155: 2.9690390264e-08 0.769844747748 6.41702130246e-16 7.71966380764e-12 2.34058283439e-09 0.230149035887 6.18403934145e-06 2.11843570272e-10 3.17731791692e-21 7.52368967399e-11
Doc #156: 7.5443370427e-12 2.0661270157e-05 2.83889537943e-06 0.625940119597 6.99105523066e-16 5.44322130443e-08 0.178630492028 1.83331781567e-12 0.191344576443 0.00406125732483
Doc #157: 7.91605682334e-10 1.04895802864e-11 4.53101808981e-19 0.999999994239 4.03463596676e-14 4.95843403411e-09 1.78881407159e-14 2.4357485082e-18 9.56342944203e-18 1.19258980407e-24
Doc #158: 0.232545016223 8.07780986967e-08 5.70158224469e-07 0.0104670247739 3.36113064751e-10 1.17765162084e-07 1.93429142348e-13 0.58181128507 1.64435419486e-12 0.175175904894
Doc #159: 0.995884180534 0.00411581946572 4.49105184909e-18 4.32380880525e-20 6.07592108636e-23 4.49449197913e-21 3.30501935641e-23 6.55767395468e-21 1.51580409675e-14 3.15461058233e-19
Doc #160: 0.384005490636 0.0712916162413 0.0796494505019 0.110252322389 7.33748041241e-09 0.163417181036 3.32622864294e-08 1.04882015343e-17 1.9074235255e-11 0.191383898577
