Doc #0: 0.00704859974806 0.0277734992259 0.965177901026
Doc #1: 0.993408013147 0.00659198685317 2.62830135392e-15
Doc #2: 1.22229290305e-05 4.38551193914e-15 0.999987777071
Doc #3: 0.211549993693 0.00396301980651 0.784486986501
Doc #4: 0.991982597628 0.00801739339317 8.97926185004e-09
Doc #5: 0.999520071115 0.000478618735841 1.31014910933e-06
Doc #6: 0.707627628736 0.292372371263 2.38628127895e-13
Doc #7: 0.000705220864254 0.124805409457 0.874489369679
Doc #8: 9.68492627214e-15 1.05048769365e-11 0.999999999989
Doc #9: 0.999999953804 8.27848483442e-11 4.61135539541e-08
Doc #10: 0.545288048005 0.454711951968 2.71520877014e-11
Doc #11: 1.58052268171e-07 0.662979507307 0.337020334641
Doc #12: 0.891847518836 0.108152481164 6.75584662869e-17
Doc #13: 3.4357379057e-07 0.149152878202 0.850846778225
Doc #14: 0.437500731888 0.000138645308627 0.562360622804
Doc #15: 4.22167810638e-09 0.999999989082 6.69635144203e-09
Doc #16: 0.412235552 0.583712801362 0.00405164663844
Doc #17: 1.0 2.35130864447e-13 3.39362568522e-19
Doc #18: 0.999999553031 4.45908238616e-07 1.06096374195e-09
Doc #19: 0.869154969479 0.12003927035 0.0108057601715
Doc #20: 0.347024636124 0.652975254081 1.09795941683e-07
Doc #21: 0.486172008415 0.513827991214 3.70581820497e-10
Doc #22: 1.39183502082e-05 1.35359657566e-07 0.99998594629
Doc #23: 0.332909849174 0.49527689196 0.171813258866
Doc #24: 0.0539724078992 0.300634531081 0.645393061019
Doc #25: 0.288373640249 0.15197970871 0.559646651041
Doc #26: 1.09143744856e-12 0.999999958019 4.19799025354e-08
Doc #27: 0.948584349149 0.051415650851 1.21863031383e-15
Doc #28: 0.397906697013 0.592976079683 0.00911722330405
Doc #29: 0.333991980873 0.666007494777 5.24350215776e-07
Doc #30: 0.861038150837 0.138961849163 6.22678695262e-15
Doc #31: 1.0 5.70533072484e-19 9.03772269024e-22
Doc #32: 1.03371112626e-06 0.998726497632 0.00127246865664
Doc #33: 0.417099699144 0.00132556240043 0.581574738455
Doc #34: 0.566273454794 0.433726545013 1.93590798448e-10
Doc #35: 3.39034029188e-10 0.99999999593 3.73113628658e-09
Doc #36: 0.999998205673 1.79432653531e-06 5.4760641157e-13
Doc #37: 0.999999997697 2.30323217006e-09 1.01499755038e-13
Doc #38: 0.894678832791 0.000424432062908 0.104896735146
Doc #39: 0.724254597328 0.275745306494 9.6177915237e-08
Doc #40: 0.502355121136 0.0087587914533 0.48888608741
Doc #41: 3.62310527919e-09 0.913848327707 0.0861516686696
Doc #42: 4.13920279492e-08 0.330644743085 0.669355215523
Doc #43: 0.299490040083 0.112003632363 0.588506327554
Doc #44: 0.999999970985 2.90148133407e-08 7.77223724768e-15
Doc #45: 2.85556216339e-07 0.647595369223 0.35240434522
Doc #46: 0.534575832803 1.08215247179e-06 0.465423085045
Doc #47: 1.78649757874e-07 0.999999745273 7.60768139623e-08
Doc #48: 0.488277464366 0.000334116835146 0.511388418799
Doc #49: 0.925756625092 1.51193404841e-06 0.0742418629739
Doc #50: 0.00799449655109 0.738862581053 0.253142922396
Doc #51: 4.2511016572e-12 0.999806188239 0.000193811756657
Doc #52: 0.260406738922 7.8662551879e-05 0.739514598526
Doc #53: 0.000152187230871 0.999847812768 7.27345595818e-13
Doc #54: 0.0462237768074 0.568641605707 0.385134617486
Doc #55: 0.00141979919192 0.998580200808 2.22027298601e-15
Doc #56: 3.92277878696e-13 8.0590226767e-11 0.999999999919
Doc #57: 0.000792393487034 3.76929822183e-05 0.999169913531
Doc #58: 0.543152287356 0.452964511186 0.00388320145838
Doc #59: 0.992184069177 0.0078158797871 5.10355407595e-08
Doc #60: 0.477619922977 0.369572293916 0.152807783107
Doc #61: 0.000190540559642 0.449679034937 0.550130424504
Doc #62: 0.00398066764109 0.620981958933 0.375037373426
Doc #63: 0.999999999975 9.22687798524e-14 2.51749399913e-11
Doc #64: 0.00120502622117 9.81853698899e-06 0.998785155242
Doc #65: 0.000167994161113 1.72457704994e-09 0.999832004114
Doc #66: 0.138778296822 0.861221702993 1.84950467844e-10
Doc #67: 0.999983630842 1.63691578099e-05 6.28969910219e-18
Doc #68: 0.485172081682 0.514827918293 2.50787155899e-11
Doc #69: 2.44370887482e-12 0.999999999998 1.19949586366e-15
Doc #70: 3.58978076446e-07 0.999900853565 9.8787457277e-05
Doc #71: 0.356129996662 0.12287672387 0.520993279468
Doc #72: 2.29767599877e-09 7.38014368197e-08 0.999999923901
Doc #73: 0.551952014255 0.0479997764517 0.400048209293
Doc #74: 1.30551119485e-05 0.999986944888 1.52458143403e-16
Doc #75: 1.39930378812e-09 0.0282067550575 0.971793243543
Doc #76: 0.000656861097694 1.40788842118e-06 0.999341731014
Doc #77: 0.013545655219 0.744971645691 0.24148269909
Doc #78: 0.000342501552587 1.66555754139e-08 0.999657481792
Doc #79: 4.55582001888e-15 1.23674876181e-07 0.999999876325
Doc #80: 0.000106109404764 7.61160717276e-15 0.999893890595
Doc #81: 4.94057892403e-16 0.999999999996 3.59639417512e-12
Doc #82: 1.03496372963e-07 9.46675900723e-07 0.999998949828
Doc #83: 1.27151746624e-22 0.999998835219 1.16478101945e-06
Doc #84: 2.56917681191e-08 0.558790960519 0.441209013789
Doc #85: 2.39919686246e-15 0.639986516456 0.360013483544
Doc #86: 1.18493103362e-07 0.416945715703 0.583054165804
Doc #87: 0.994385777519 0.00560179233182 1.24301491338e-05
Doc #88: 8.15870457259e-10 0.999999999184 7.7460241075e-15
Doc #89: 0.896237089674 0.103762909285 1.04051698283e-09
Doc #90: 0.00227544921611 0.464269792248 0.533454758536
Doc #91: 0.00148298587368 0.99851095449 6.05963660623e-06
Doc #92: 4.91593633101e-06 0.997509842683 0.00248524138081
Doc #93: 7.48561053562e-18 0.999999999992 8.16054160152e-12
Doc #94: 0.0366435236843 0.96334021928 1.62570357705e-05
Doc #95: 0.999999471415 1.46916472118e-07 3.81668078737e-07
Doc #96: 2.42512702598e-13 0.999998951021 1.04897841686e-06
Doc #97: 2.45791404135e-08 5.64732639164e-14 0.999999975421
Doc #98: 2.44663462087e-10 9.2094016456e-07 0.999999078815
Doc #99: 0.416242149362 0.292242862247 0.291514988391
Doc #100: 1.75873477622e-18 0.996370366337 0.00362963366311
Doc #101: 0.711268179377 5.50084919524e-08 0.288731765615
Doc #102: 0.999999999041 9.58549895998e-10 5.41016895648e-16
Doc #103: 7.3451742251e-06 0.999992654826 2.17830017278e-15
Doc #104: 2.45000808728e-09 0.999941104903 5.88926466769e-05
Doc #105: 1.16181475138e-09 0.999999912195 8.66433719038e-08
Doc #106: 9.80595475001e-08 0.999999893553 8.38703338798e-09
Doc #107: 6.21128369441e-10 0.213513543071 0.786486456308
Doc #108: 1.7491175452e-09 7.05197083801e-06 0.99999294628
Doc #109: 0.587121090804 0.412871478703 7.43049307435e-06
Doc #110: 6.27350118122e-10 0.999999999373 1.72873205282e-16
Doc #111: 0.201954915544 2.35919311526e-06 0.798042725263
Doc #112: 0.00317423228845 0.996825767711 1.02670359713e-13
Doc #113: 2.20591646126e-07 0.999999778565 8.43707077987e-10
Doc #114: 2.51919029225e-06 1.48116936424e-11 0.999997480795
Doc #115: 5.7089187493e-19 4.69996748266e-09 0.9999999953
Doc #116: 1.30911118274e-10 0.656952465021 0.343047534848
Doc #117: 1.0 6.30560739047e-17 3.25044669108e-14
Doc #118: 0.860429359076 0.139123023012 0.00044761791159
Doc #119: 0.0882957609351 0.265936224505 0.64576801456
Doc #120: 5.58597179059e-13 0.920250240379 0.07974975962
Doc #121: 0.000511404283145 0.999488267688 3.28029177059e-07
Doc #122: 0.999668805747 3.24455540193e-11 0.000331194220055
Doc #123: 5.43280299433e-08 0.999998424062 1.52160948851e-06
Doc #124: 1.97215225677e-12 0.999999999998 4.28725565242e-19
Doc #125: 0.463689034479 0.418038001226 0.118272964295
Doc #126: 2.06640367102e-10 3.94741480479e-16 0.999999999793
Doc #127: 0.490312349753 0.509687224468 4.25779055303e-07
Doc #128: 0.295336740097 0.0839753128275 0.620687947076
Doc #129: 0.147801428478 0.829555824413 0.0226427471092
Doc #130: 0.248977388256 0.732529988598 0.018492623146
Doc #131: 0.357956304835 0.336016269947 0.306027425218
Doc #132: 0.0 0.0 1.0
Doc #133: 0.0 0.0 1.0
Doc #134: 2.91711835176e-08 0.000403081852583 0.999596888976
Doc #135: 0.0 0.0 1.0
Doc #136: 0.0 0.0 1.0
Doc #137: 7.27922145352e-08 0.033009528649 0.966990398559
