Doc #0: 1.61069273604e-20 2.17479116228e-07 2.16651468471e-11 0.999977479739 1.8533414791e-19 2.2299227948e-05 7.49621109433e-10 9.39662988595e-11 7.77321510001e-18 2.68829533119e-09
Doc #1: 1.30400090874e-11 0.00276613929779 2.11902494207e-08 1.35480016628e-08 9.60865209772e-10 0.996805659051 1.2160611825e-10 0.000428165808595 8.48112971148e-12 3.78724496388e-14
Doc #2: 0.402453641868 0.597546329536 6.24893371122e-14 1.78545327239e-08 4.65087622302e-10 1.16796492598e-13 1.11545557792e-17 1.0276765994e-08 1.50707979315e-17 1.11014053912e-15
Doc #3: 2.65804945691e-07 0.655350363263 1.18577957528e-08 1.06388460238e-15 6.57956806304e-05 2.36784631793e-18 4.28115968647e-06 9.86978005423e-17 8.66229565585e-08 0.344579195611
Doc #4: 4.39886172568e-18 1.79864020692e-08 0.0969001341661 2.66848248234e-05 0.00098459768784 0.0157580272772 0.828704358031 2.8982483846e-08 3.64219556476e-07 0.0576257868249
Doc #5: 8.15385014861e-15 7.00908003955e-08 5.3148416906e-07 6.12399302583e-07 6.53136574175e-10 0.999998784748 6.24552447092e-10 1.3544322158e-15 4.60771417635e-19 1.92552760429e-13
Doc #6: 4.97840656704e-12 0.185395528309 0.0603177940524 0.507843516747 1.0977169293e-15 1.06354464659e-12 1.82575731117e-06 0.155511685441 1.1169756178e-09 0.0909296485697
Doc #7: 3.22165929174e-17 1.29316485839e-07 1.08656702589e-14 0.691749885135 0.0810521533691 2.07567488191e-06 1.94043805746e-08 0.224809904296 0.00238552835287 3.04451417145e-07
Doc #8: 4.09324933806e-09 1.38813457663e-08 0.0207070324951 0.000296100841628 0.978849353621 4.22278984183e-10 2.24411523394e-06 0.000126674058673 1.85480586035e-05 2.84128626216e-08
Doc #9: 1.34869610253e-22 2.01590342623e-12 7.56167153355e-25 1.69146807361e-07 8.7929994906e-18 0.999999830841 2.43907168667e-12 7.41572061731e-12 1.7051237719e-19 1.65159915227e-14
Doc #10: 0.038688314279 7.18141652039e-10 7.97911893415e-13 3.74667208322e-14 3.86059391416e-11 0.961310310419 5.59009725288e-15 1.37426667205e-06 2.77397587984e-10 9.8984028319e-17
Doc #11: 4.1425539213e-12 1.36934416999e-17 5.00995201206e-17 1.32270071957e-11 9.72570990612e-29 0.999977369117 5.61997218681e-11 2.26308092873e-05 1.69126321548e-21 3.44253024422e-16
Doc #12: 1.08254793597e-16 7.24608692394e-11 1.28017077043e-18 0.998543926909 2.4848298242e-15 0.00138271780733 1.21446793616e-07 1.16093810035e-06 5.82543274822e-22 7.20728267774e-05
Doc #13: 1.12273315733e-17 3.65887819925e-13 0.000267097481414 4.44049010893e-13 3.53379614414e-16 0.999732902518 1.17271859196e-13 1.29667251385e-16 4.09107557936e-21 1.02518626969e-13
Doc #14: 3.06267210731e-07 5.28357264664e-12 2.99938703191e-12 6.82579890759e-13 6.31139282724e-12 1.41600447865e-12 3.59613053487e-11 1.21393539721e-16 1.11040298677e-09 0.99999969257
Doc #15: 7.28862113259e-25 0.999999370395 3.49895009018e-13 1.61549718109e-07 3.41495086255e-15 9.99923544483e-14 2.21987658501e-12 4.62126221573e-07 5.92612874312e-09 4.66846827489e-13
Doc #16: 6.23095484515e-12 1.08804821894e-09 4.40535948986e-12 0.979154633021 7.35313776821e-12 2.24498401327e-23 4.2030749781e-14 5.50594359389e-06 1.84135858454e-18 0.0208398599295
Doc #17: 1.81552033291e-10 8.12908835462e-09 2.58802488258e-13 4.63389963417e-09 6.34364110622e-14 5.07813945084e-08 0.999997931802 1.75189529539e-06 1.55689890716e-14 2.52576717259e-07
Doc #18: 7.11231678528e-14 0.498519157037 4.83078747208e-13 0.290013093478 3.55660321676e-14 1.48986336601e-05 0.0650563437055 0.0567489667682 1.36004321415e-09 0.0896475390164
Doc #19: 4.65502755893e-15 6.27221232939e-09 1.34829761221e-11 0.00016017860223 4.95689616231e-15 6.05354575631e-14 3.66750734401e-11 0.999839815072 2.4603545461e-16 3.62019175454e-12
Doc #20: 4.48411962451e-17 7.52422358346e-12 1.20680210697e-12 2.45790561746e-18 2.01660382814e-11 2.29614733413e-30 3.12125765195e-39 3.06987893436e-23 0.999999999971 2.90987093619e-17
Doc #21: 0.87590329125 0.0740509409727 9.9662613716e-07 7.73486885199e-08 0.050044693658 8.48969234057e-26 1.85056495151e-11 1.53486819407e-17 1.26204445809e-10 3.07919386032e-17
Doc #22: 4.03323152073e-08 1.11465876874e-36 3.94535607256e-24 7.44723752623e-31 3.766013484e-28 1.39935516791e-28 0.999999959668 8.40158738053e-20 4.75861586675e-34 1.8247547052e-14
Doc #23: 0.0100556931614 4.64052937328e-19 2.72893964797e-16 4.73138603045e-21 0.841345859889 1.31413443073e-20 1.71068318046e-23 5.99670020231e-15 5.81876067886e-21 0.14859844695
Doc #24: 2.29207015432e-07 1.1726986083e-20 1.13489142052e-16 1.64794032977e-21 5.46795590189e-11 6.49815584368e-23 0.999983480491 3.20178410465e-20 3.53670744558e-17 1.62902468415e-05
Doc #25: 8.5197214689e-09 0.530217078311 2.23943964309e-09 6.432184524e-05 1.42297083135e-23 3.71496757891e-06 0.468963166091 1.11921348983e-08 2.53130652639e-17 0.000751696834238
Doc #26: 1.64040759217e-05 1.21459985358e-25 1.52464178528e-05 5.40298746478e-14 1.18055020191e-17 2.65316586484e-23 0.652764129009 0.173769694943 9.46016500846e-29 0.173434525554
Doc #27: 5.99472097627e-06 3.04017811804e-09 1.44529254509e-15 5.96883140713e-15 3.2883348512e-05 2.67075726828e-16 1.43682866576e-12 1.29013696985e-09 0.999961117599 3.64754731683e-15
Doc #28: 0.183040053292 1.12056056216e-11 0.0409435014334 1.27900174788e-13 3.6430023784e-34 3.57674609656e-16 0.196833455124 1.14831519509e-19 0.574991330024 0.0041916601149
Doc #29: 0.000622547347806 4.62568310687e-24 1.95276025526e-27 1.05002007813e-36 0.999372950499 3.33790840908e-37 1.0001942854e-35 1.05230662558e-26 1.40767833461e-23 4.50215306979e-06
Doc #30: 9.0381710188e-06 1.3297002102e-12 3.87130662901e-07 0.0817815065425 0.24765116068 2.58167058969e-08 9.72560031396e-11 7.43054919962e-19 3.80790463341e-12 0.670557881557
Doc #31: 8.14883386293e-11 6.07220099961e-16 0.00175126091974 7.58909894602e-23 0.000341369870573 1.90836320586e-26 0.527572111976 0.112164250671 5.95718629934e-13 0.35817100648
Doc #32: 3.70326155114e-08 9.48382015778e-18 5.93143752482e-10 1.95637213907e-14 0.999984692267 4.57265441211e-14 3.59232186953e-06 9.66803407623e-10 1.16768180754e-05 1.37906871212e-13
Doc #33: 6.67053032908e-10 7.5611663469e-24 5.04014929011e-18 1.35885762263e-29 1.32800639362e-18 2.7876405181e-23 2.76163663566e-23 8.65820119852e-32 2.17322922389e-24 0.999999999333
Doc #34: 1.55516865696e-10 1.24229129944e-18 1.54280988831e-25 2.28658112129e-27 0.00387015247502 3.42667047374e-21 2.80405876081e-20 0.996129847369 1.58151860019e-15 5.42811086863e-24
Doc #35: 3.3211496698e-09 0.465468974239 1.66604639923e-07 0.000788152671156 9.38749342086e-18 6.5219832499e-11 7.85827814795e-07 0.0670955428165 0.466646374453 1.77252131688e-12
Doc #36: 0.0695315669519 5.8326994911e-07 2.42344970922e-10 0.77728982756 2.29034585598e-10 0.153178017733 5.83600293544e-15 2.97231764039e-18 3.88265805378e-12 4.00986027611e-09
Doc #37: 2.29940121362e-18 2.18675573535e-12 5.07607213415e-08 4.46824360179e-10 3.36597758414e-12 0.787412288215 0.212587660162 4.23112065558e-11 3.68463672205e-10 5.04730172787e-19
Doc #38: 0.451660685811 0.00144606520412 5.95906036827e-10 1.7609399961e-08 0.260759510004 1.4148583846e-26 2.76792406396e-13 1.79849868385e-21 0.286133644756 7.60195163396e-08
Doc #39: 1.60916893931e-11 1.89510903797e-19 9.52338443967e-29 1.54195208929e-24 6.42999375667e-06 5.20944232418e-25 2.15614696798e-19 0.99999356999 3.22158040929e-16 9.1002579385e-23
Doc #40: 1.54528024745e-11 0.000108984915374 9.33707741139e-19 6.89279951445e-31 5.03480327835e-18 5.0307844296e-23 3.08946160525e-11 9.45645381236e-32 1.14702547198e-27 0.999891015038
Doc #41: 1.0 5.30201825863e-15 7.39916277918e-21 6.07262060647e-20 1.40850235257e-15 2.57891946882e-29 1.34376105486e-19 6.77083173061e-20 7.38086076736e-16 3.03441520779e-22
Doc #42: 4.67377104185e-24 5.43849618953e-27 1.43627253481e-20 2.97827158783e-35 3.46187945482e-19 3.5866224625e-35 2.1681324339e-36 2.87304989948e-19 2.76822051918e-13 1.0
Doc #43: 1.25915536863e-16 0.625954690655 5.90874409174e-09 8.66251055161e-07 1.95216515806e-17 0.216491532153 7.22813272662e-11 0.144644551333 4.05772579599e-06 0.0129042959016
Doc #44: 3.08832273657e-05 0.000692687443224 2.01696194618e-13 0.929385940482 8.40752405451e-16 0.00039080124408 4.61363859938e-16 1.79323354467e-13 2.40690292145e-20 0.0694996876027
Doc #45: 6.44133194638e-18 1.53257366354e-17 3.09938650657e-12 2.6251837497e-15 6.89340894996e-14 6.15476584277e-08 0.999999938449 1.59815359217e-18 6.13098486484e-18 1.83920046917e-16
Doc #46: 1.74193933328e-13 1.14919124026e-09 4.4970451452e-14 4.3309327297e-09 3.45429356189e-15 0.98990009335 4.55743506373e-05 0.0098798785546 1.98416522703e-17 0.000174448264705
Doc #47: 9.71170059545e-13 5.78602691061e-05 4.46982040513e-18 1.17787358908e-06 2.22230635358e-23 6.6039355923e-14 1.54926496343e-21 0.999828258576 0.000112703278518 1.97128165671e-12
Doc #48: 2.62614252739e-28 9.64854944941e-19 2.56346123604e-20 3.51267107645e-08 5.19878799815e-26 0.999999964472 1.41925495457e-19 4.01244052821e-10 1.4284746792e-13 2.71441422554e-13
Doc #49: 1.28850963626e-16 5.42896719492e-07 3.40190571982e-11 0.115013931525 2.09368523812e-16 0.884985525067 1.10745272402e-13 7.48282367503e-12 4.69506580226e-10 9.14250551366e-18
Doc #50: 6.12096146634e-14 1.41357208071e-07 5.72211890758e-18 0.999945517715 5.07632518642e-10 2.28239676411e-10 1.21551410881e-10 8.28438530545e-18 4.4141477789e-15 5.43400698799e-05
Doc #51: 4.20186065775e-11 0.451529113263 0.262867380405 0.00129683315302 2.92560278062e-15 0.109330036303 0.0518409249481 3.81827400361e-16 5.95700575732e-15 0.123135711886
Doc #52: 5.16539546353e-21 2.88177222141e-26 5.56128532587e-21 1.35540634653e-16 8.18886372138e-33 1.82560416138e-19 2.24895342196e-25 0.999999999999 1.71739219647e-32 5.113531233e-13
Doc #53: 0.0356878849294 0.454888738911 6.78948834793e-09 0.16830064075 0.0670840974958 2.64109290663e-12 3.02107915992e-09 0.0578687674299 5.57321384861e-07 0.216169303349
Doc #54: 3.18300473147e-22 7.13899740148e-17 8.3292428218e-21 1.66271672035e-14 8.84748645575e-22 0.999999999998 5.18946340366e-14 2.97472493555e-19 1.14155926054e-31 1.8566314303e-12
Doc #55: 5.12359902647e-21 1.31912659424e-25 2.6115122142e-22 5.92346410089e-17 1.41168911884e-32 2.54784279729e-19 1.40776016344e-25 1.0 9.65859337722e-34 4.89865072586e-13
Doc #56: 1.16658450393e-11 0.00177788524124 2.39915394713e-19 3.22461962352e-16 1.5654403055e-05 1.84206028005e-08 0.984251362265 0.0137767399322 1.22554623402e-15 0.000178339726099
Doc #57: 1.66204153711e-13 2.01183601641e-15 4.03998142805e-15 1.62764089819e-14 4.88015669273e-17 9.21148107316e-12 5.09303340155e-16 2.21360236333e-10 7.52695626128e-20 0.999999999769
Doc #58: 1.83524405587e-11 2.14220793162e-09 2.62720000842e-20 5.42514670174e-13 5.64143344484e-17 5.39408297742e-15 1.23210346055e-14 1.98053496894e-08 3.31513086806e-20 0.999999978034
Doc #59: 0.00319853783687 0.882784640452 1.92425369935e-16 1.2916601547e-05 6.11652190028e-05 3.11911506269e-07 1.98103868434e-05 1.8188857339e-07 3.45309247281e-17 0.113922435703
Doc #60: 2.13392724287e-06 8.13875707105e-05 0.0144040115808 1.20449625367e-07 0.000371316866001 5.43311441013e-05 2.60450257235e-12 8.44007644569e-05 0.42772314437 0.557279153325
Doc #61: 3.95920989023e-16 2.98323472686e-08 7.27207887908e-19 2.53105254901e-10 2.46224921818e-11 6.45675495996e-12 2.34486627311e-09 0.999881570214 4.56673089883e-14 0.000118397324988
Doc #62: 0.340435681976 2.79657961649e-07 0.513499090008 2.96875400993e-14 0.13598908395 4.56716424547e-06 6.32452170496e-09 3.56301421274e-16 0.0100712909187 4.16330786167e-25
Doc #63: 0.648773681473 0.282525110385 4.76584822373e-10 1.12312287471e-13 0.0661450824699 1.08309457192e-25 7.79142843088e-27 5.49603349432e-17 0.00255612519481 3.06021354906e-17
Doc #64: 9.48805213601e-38 1.93809487466e-34 1.4467829337e-34 8.33161507288e-35 4.54460401519e-38 4.08864820669e-41 1.0 1.38004930918e-31 1.43759841584e-35 3.49762565232e-38
Doc #65: 5.14667165807e-06 0.570204822653 2.01464246461e-08 0.343910562158 0.0797647788928 2.84389927991e-11 0.0059388173558 0.000175852083953 1.05533252083e-11 8.09714741962e-20
Doc #66: 0.999999999983 1.0732773357e-13 9.26624110079e-12 8.40657881407e-20 7.59270117833e-12 3.2528226235e-28 1.01965368347e-20 2.74977526867e-20 1.62798126755e-15 3.68618851487e-18
Doc #67: 6.50567880887e-10 0.130025432188 3.38302846464e-06 0.459915765987 1.60023364103e-16 0.407511931929 8.18269261598e-13 4.1258369528e-07 0.00254254150747 5.321256515e-07
Doc #68: 8.94251738253e-38 7.35733978289e-35 5.29589083929e-37 1.36235974185e-34 6.80092247197e-39 1.69755388404e-41 1.0 4.10633392037e-35 3.81238366731e-40 5.41054298899e-37
Doc #69: 3.97964884139e-20 1.0037037671e-18 1.11606544321e-06 9.42424027129e-19 2.52334215417e-20 3.89073927113e-16 9.77161690088e-24 6.66283225467e-15 2.37732488669e-13 0.999998883934
Doc #70: 1.56713941446e-10 1.83996049663e-12 1.46599395075e-12 1.06632164051e-12 5.91861571146e-10 8.23984406065e-07 0.0529228127272 0.000310950891654 0.94676538985 2.17933038255e-08
Doc #71: 3.68705636793e-07 2.05787974205e-07 4.89979134404e-16 2.09875891503e-18 8.10425171665e-10 3.88365903808e-15 0.9999994186 6.09554096055e-09 8.6838568864e-14 3.79138312654e-16
Doc #72: 5.89007935026e-12 0.095174725078 1.30209216328e-06 0.118592753866 1.32943914804e-07 0.0202936088236 4.56788415224e-05 0.322397340369 0.308784409303 0.134710048676
Doc #73: 1.81790879445e-21 7.16022736214e-19 1.29404165972e-25 7.3889669071e-17 9.31173515764e-14 2.51482962756e-34 7.18022359959e-23 2.91265621052e-29 1.0 6.86160892568e-15
Doc #74: 1.04947900097e-05 2.17109123467e-07 4.07261255846e-13 0.276360935812 3.4411706795e-05 1.6763699492e-13 4.00264714492e-05 0.297240354342 0.406282699062 0.020030860707
Doc #75: 1.23940093331e-37 5.91682162377e-36 1.54347272318e-36 1.30183681867e-34 7.3554251762e-40 1.21924598172e-41 1.0 6.19226433355e-35 9.39585081539e-40 2.81625584643e-36
Doc #76: 1.77120124397e-14 0.000326865659551 5.46204277941e-16 0.904233844635 2.82205222615e-19 0.012894048871 2.44584155942e-14 1.83415631183e-09 7.58849535089e-20 0.0825452390005
Doc #77: 1.39075473048e-14 0.721882676869 1.89856705171e-11 0.0496685878915 7.22367074926e-21 1.60815289698e-08 1.38603459051e-07 1.41154239193e-10 8.6109556498e-12 0.228448580386
Doc #78: 4.38655405909e-20 9.2314847803e-09 3.88219392041e-14 0.999999990039 2.11782541576e-22 3.00281429607e-11 1.32531053704e-11 6.62612461287e-10 8.41262815432e-17 2.33770389639e-11
Doc #79: 3.54007073733e-18 0.241666475859 4.23891312083e-12 0.758205141892 7.30442314356e-20 0.000127861949693 3.12652107221e-09 1.19683271489e-18 4.40925689662e-24 5.17168168807e-07
Doc #80: 1.10040535248e-14 1.23775193862e-16 1.25365258215e-15 1.34310835646e-11 8.74436822718e-15 1.87091862676e-19 0.999999973541 2.6445982745e-08 3.34252424755e-14 6.30200710676e-17
Doc #81: 2.8232689869e-05 8.96399512876e-10 2.0750066115e-12 3.22193935696e-09 1.93154261533e-10 0.109704124997 4.56564806396e-20 0.889780263738 0.000487374261681 3.37833701648e-17
Doc #82: 2.5318220285e-17 5.30963606835e-17 0.000486295548705 7.82948826494e-09 3.44453515645e-06 4.40744344363e-10 1.04818448981e-10 0.000754832316062 2.53014198824e-16 0.998755419225
Doc #83: 3.02327061437e-15 4.20237078219e-12 6.86046148855e-18 0.988397406162 9.90619296417e-14 4.02039402435e-19 8.12099927309e-15 0.0115533734586 4.92175164663e-05 2.85906827093e-09
Doc #84: 1.66909500821e-13 7.39310587705e-11 0.0543666204161 1.29198764005e-12 1.17367648676e-11 0.945632278487 7.84934877536e-13 1.1010079299e-06 8.28068585389e-15 1.14019510542e-12
Doc #85: 3.00404096216e-18 0.973141910781 6.99047014701e-17 1.53927865569e-07 3.33157808588e-21 1.30488094824e-21 3.65160383509e-08 6.49015317113e-10 1.65367091759e-20 0.0268578981259
Doc #86: 0.999999999987 5.87404559292e-16 1.40053718386e-14 3.71098589163e-26 2.55723971294e-31 2.71041502429e-25 1.74489447714e-29 3.3117859071e-24 1.93239440845e-21 1.32280047701e-11
Doc #87: 0.00590518491521 5.38607102903e-11 0.000533318284199 1.86397422097e-15 0.0219862509724 1.20759379003e-18 5.40087186862e-05 1.38155700143e-13 0.745681037105 0.22584019995
Doc #88: 0.18209926472 3.72875744947e-22 1.73949987113e-31 2.49543602183e-29 0.817900735271 3.87509331642e-43 2.5148198343e-20 6.48514170566e-26 7.84062103518e-31 8.87098611151e-12
Doc #89: 5.08839152396e-11 2.72387284938e-37 9.0709699791e-22 6.95380867504e-26 4.32270003352e-14 1.29722490211e-38 1.03116438346e-34 8.62766328113e-35 9.62438793572e-17 0.999999999949
Doc #90: 0.707796626331 8.16169806514e-22 5.70027207727e-26 2.96145438612e-24 0.292203370903 8.2206584421e-32 4.49492001254e-19 2.34678008171e-18 2.7662355313e-09 2.38058940959e-22
Doc #91: 3.50868278534e-07 6.13050071232e-09 5.81551991449e-11 4.14078387702e-10 0.0180567975841 1.04843799474e-12 2.12354126232e-16 0.981940431608 2.34986848702e-08 2.38983740445e-06
Doc #92: 3.9445570911e-23 1.49361748172e-26 4.34636418976e-17 2.64022253262e-32 3.36959948394e-16 7.83111291643e-36 7.22705367202e-34 8.33340204218e-19 4.67703277818e-15 1.0
Doc #93: 7.36211060948e-24 4.62994431107e-15 2.81536331245e-11 2.24101976279e-25 9.76645848638e-14 2.67030800031e-33 7.12545316811e-24 9.82060884957e-27 5.53406423088e-10 0.999999999418
Doc #94: 5.52562278421e-08 5.14868334904e-24 5.81710790021e-16 7.01991444693e-27 1.47263022575e-12 1.03297946957e-21 5.37996990989e-31 0.999999944742 1.87247988524e-21 5.88743355872e-32
Doc #95: 1.39324540888e-16 1.70981270352e-21 3.00525422116e-29 2.44805150182e-27 1.50698746929e-15 8.32476904424e-32 8.66572921463e-22 1.14192441349e-24 1.0 8.6237738285e-26
Doc #96: 2.71367029277e-30 1.09213040715e-25 3.53052820354e-28 8.74892356334e-15 4.72593212018e-31 3.62415024183e-27 0.999999926287 7.3713065761e-08 3.03349501883e-24 1.41356167179e-23
Doc #97: 4.50641413597e-07 8.87469627832e-10 4.25576798622e-08 6.61383382673e-11 0.0145018814451 7.69747459759e-22 2.00169157681e-16 0.985497624402 3.62867915922e-16 5.34241936621e-14
Doc #98: 0.84417441945 1.91191944888e-13 1.01671778647e-25 9.19373832289e-24 0.155825579437 3.40331477361e-29 1.10358547973e-27 3.83647894574e-19 1.1133132149e-09 1.33767747034e-30
Doc #99: 0.312511095813 0.0278845984615 1.0390454627e-13 0.538638307331 5.1629115071e-14 0.000642781968245 1.67725588223e-07 0.117171240565 1.81178314169e-09 0.00315180632368
Doc #100: 0.999999999993 2.00647220948e-18 2.85633745264e-15 5.08114080992e-27 1.41139107374e-32 8.66199987962e-24 6.09111983747e-28 7.90292167304e-26 2.14500294385e-26 6.50804590989e-12
Doc #101: 1.49133650907e-35 5.94798852686e-19 7.97679730839e-09 2.76209404538e-25 8.96164838702e-22 7.27267858477e-33 4.65825919286e-28 1.99561270072e-33 1.33076130297e-20 0.999999992023
Doc #102: 0.000735370213033 3.92299594105e-05 0.545232147185 0.281816620478 9.68670461365e-05 0.0379224335375 7.5148299943e-06 0.0850080200307 0.00177125563074 0.0473705410893
Doc #103: 6.03781136387e-12 4.38579197149e-23 2.83914643371e-18 4.24185493192e-18 0.999999992456 1.8589658359e-20 1.40133650189e-21 7.53809058025e-09 2.12894879694e-17 2.91941250859e-20
Doc #104: 5.44293755793e-12 2.04633001922e-19 1.95658424304e-16 5.20751440546e-13 7.70903319865e-20 4.29242560254e-17 2.05579706289e-05 1.77052344956e-16 2.3927322373e-18 0.999979442023
Doc #105: 0.201702183122 8.64399092209e-22 1.69110286175e-32 3.36344730031e-36 0.798297816731 4.17322147155e-44 4.74363555973e-27 5.41284423094e-28 3.79515108195e-34 1.47038547156e-10
Doc #106: 2.52674437457e-11 2.11810062019e-35 6.49705089975e-26 9.84364136379e-26 5.03001103037e-16 7.09063844236e-43 2.46540719517e-34 6.23901003438e-37 1.29057219633e-14 0.999999999975
Doc #107: 2.05763229166e-09 5.98832805003e-07 3.54516018564e-09 1.59488827665e-08 0.519242379671 1.16517960652e-14 0.0661287740438 0.414626897978 1.32791658169e-06 6.24317210597e-12
Doc #108: 0.0209619871656 8.85833471299e-23 2.76826253807e-19 6.86094452763e-15 1.26991941866e-25 0.979038012834 1.72674805199e-17 1.96606895634e-15 6.9658446818e-20 1.60052939079e-27
Doc #109: 6.4257466933e-10 1.49689753613e-07 3.95877304279e-05 6.16351882833e-08 2.0853920181e-12 2.81406909247e-09 0.999960180727 5.612715339e-20 1.42945675604e-18 1.67592456721e-08
Doc #110: 1.1021449238e-10 7.35487852187e-14 4.35437500273e-08 4.57332833737e-05 0.0224552633804 3.12080550534e-08 1.10905798901e-11 1.0683545385e-05 1.4957128918e-08 0.977488229961
Doc #111: 0.176483782755 0.00323423674361 0.161928623219 1.6084869491e-05 0.0110473944657 4.59511777531e-12 0.294271739028 2.25254002696e-10 0.163432193786 0.189585944904
Doc #112: 2.40654560226e-24 0.194950289356 8.20536404986e-05 0.500816943556 0.161706876581 2.80112270989e-10 1.58013349869e-16 1.72268565274e-10 4.21246194272e-22 0.142443836413
Doc #113: 5.39132725521e-12 0.999921330739 6.01328215796e-08 2.44155197472e-14 1.86748345796e-06 1.4366139566e-16 3.32971305353e-09 7.67049428102e-05 7.03202199804e-15 3.33669220665e-08
Doc #114: 2.24436979806e-10 2.8031229167e-16 5.32086812615e-19 5.70902749274e-07 1.49803923864e-20 2.55964749264e-23 0.737207731587 0.262791697286 3.27148813516e-18 1.38752028782e-15
Doc #115: 0.975234510792 2.0878458743e-10 0.0101832846039 3.48533773313e-11 7.81434735027e-19 1.5902314156e-11 0.0120430924349 8.1021826193e-14 2.93099759839e-17 0.00253911190962
Doc #116: 4.4302145902e-14 9.19048961656e-19 1.51978440093e-17 4.19910302472e-13 1.07209388191e-13 3.34605208994e-18 3.46205168662e-15 6.0231742862e-21 1.41523450955e-23 0.999999999999
Doc #117: 1.44271348419e-19 9.9142226544e-12 9.93316267761e-15 8.63824689227e-08 1.18137822722e-21 0.790306726202 1.05942080629e-09 0.209693183056 9.7244442688e-16 3.28962259843e-09
Doc #118: 1.95471827761e-30 1.04124815747e-15 3.24045841466e-21 4.07128928701e-18 1.1199526947e-24 1.13741235461e-17 9.83925259475e-18 1.15400852309e-18 1.17386386861e-25 1.0
Doc #119: 5.2940281854e-20 3.73474076325e-17 4.81313581166e-18 5.68275262052e-05 8.76485542393e-27 2.49299762114e-12 2.02480496258e-11 2.4487876448e-14 0.999943171534 9.17063726169e-10
Doc #120: 8.30562160699e-05 0.00258669130879 4.59955799957e-06 1.05108542497e-07 0.00724080945181 0.960892797323 0.0285156294979 2.17427716077e-12 4.46265915692e-08 0.000676266907229
Doc #121: 0.497377861659 5.89915843919e-14 4.17149862336e-18 7.18562392997e-21 5.0956783486e-07 0.4856117719 1.29252678099e-09 0.0170098555812 5.46194965975e-15 4.52232695254e-16
Doc #122: 0.999999999999 2.32288652071e-17 1.05171047899e-16 2.603932576e-13 1.70958006417e-30 2.96630359358e-13 9.64570406793e-24 4.54109612542e-18 4.15567734464e-21 3.89890841999e-14
Doc #123: 1.32528179878e-10 6.55228340073e-06 1.83817884497e-09 6.68915724762e-10 2.82415386533e-06 2.5521109084e-16 5.90568094448e-15 1.04623767794e-07 0.846416575837 0.153573940462
Doc #124: 0.448187811781 1.44405225405e-09 6.72857331454e-15 4.7865400204e-17 4.21383159284e-05 0.551769640007 4.07670921432e-07 3.89930757331e-13 2.17584433756e-12 7.78543389635e-10
Doc #125: 0.132527709862 0.084533435638 4.48915962106e-15 2.17890814847e-10 1.33960606807e-13 1.01571271698e-21 2.27328958029e-07 2.83074265614e-12 2.99189589954e-07 0.782938327761
Doc #126: 5.22017933244e-12 5.41087415137e-13 0.540427788014 1.0894383489e-20 0.118553610842 1.11459025231e-20 8.3082183168e-14 1.65781660828e-12 2.76179377602e-14 0.341018601137
Doc #127: 4.71769408358e-18 3.26925777394e-20 3.17413286762e-16 1.80543284196e-14 1.17239844717e-25 1.0 1.86584854106e-19 5.67336210807e-20 3.5143970647e-17 4.36023172627e-16
Doc #128: 1.32211317672e-08 4.68075902727e-30 4.47835244895e-35 1.42518144035e-37 0.999999986779 4.94902247672e-38 2.66706515299e-26 1.1658100359e-30 1.31471868191e-29 1.15419298903e-34
Doc #129: 6.04498307407e-05 0.294259498085 7.71167062743e-10 0.448488721613 6.38170038787e-12 1.13254303165e-07 1.55204543108e-08 3.2127203386e-08 0.257191156831 1.19610610107e-08
Doc #130: 1.5034425915e-17 2.44968762569e-08 2.52210791213e-14 0.41481722668 2.63791834126e-23 1.21486393028e-11 4.80450585241e-10 0.583699808789 8.1942483731e-15 0.00148293954101
Doc #131: 5.0040187053e-24 2.71269115611e-17 3.89738925214e-16 8.59809203997e-09 5.44562954541e-25 7.35184793082e-13 3.35509723688e-14 6.49211284339e-14 0.999999991401 1.35238984621e-17
Doc #132: 1.00141410284e-05 1.65013200856e-07 0.234285178392 0.564804151654 6.57517739972e-25 6.81733896896e-08 5.37466510008e-07 0.139121335532 0.000913882652372 0.0608646669761
Doc #133: 0.485397203277 1.30395246757e-12 3.60465168937e-09 0.0323773781162 7.06477982575e-07 1.61989030693e-08 7.09118925452e-13 0.482221778076 2.90539560256e-06 8.85164467415e-09
Doc #134: 6.96757188705e-11 1.36062469006e-13 3.43504102869e-12 2.7039042201e-18 0.999944731915 4.55469401489e-27 6.29756552335e-18 5.52680118271e-05 1.27254969205e-18 5.39194044792e-25
Doc #135: 2.82254240275e-05 9.16903764201e-10 3.0869389738e-11 2.20485602777e-09 8.80654206108e-10 0.109704129651 1.15724078373e-19 0.889780268174 0.000487372717756 5.78021270113e-17
Doc #136: 1.04042423365e-08 1.43773944047e-29 3.44203798158e-35 1.68425357655e-38 0.999999989596 2.77776786001e-38 1.4756165702e-27 3.41824207929e-30 8.63579719926e-30 3.66141940364e-35
Doc #137: 3.74487661112e-20 8.63479390831e-11 9.61469135676e-09 5.02567048953e-11 5.07490254467e-16 1.61369334339e-12 5.2512661535e-10 0.999990049713 3.4300967937e-23 9.9400088199e-06
Doc #138: 0.999977026403 1.24705453116e-11 4.45834763766e-10 4.62173850237e-15 1.86937967718e-16 1.26008477821e-10 2.19933319879e-05 1.06814231908e-18 8.94383539011e-18 9.79680688394e-07
Doc #139: 7.21060066534e-21 1.39180084108e-27 7.2020331697e-25 8.34272135435e-33 1.0 2.02263698934e-23 7.51698322958e-20 4.39817819932e-24 8.02284318441e-25 2.69516923608e-21
Doc #140: 4.77659588681e-23 9.58797327038e-25 0.275063409504 1.70858607899e-28 0.724936590496 5.27514374406e-26 9.69498304435e-25 2.61003859737e-22 2.12789163075e-30 1.58999023711e-19
Doc #141: 0.000932337790392 3.41363475654e-07 6.19544404427e-08 0.554791143604 0.444276107423 3.26751758774e-17 1.45242474536e-15 6.56099631488e-19 7.8645505688e-09 5.31600548433e-16
Doc #142: 0.337408648974 2.12463466802e-09 8.71498729565e-05 3.56713585999e-10 3.33357127249e-15 6.03510145146e-21 2.31640341759e-23 4.18521393122e-14 1.3325870891e-18 0.662504198672
Doc #143: 0.246589659645 0.0229331298218 0.00402672584656 2.20694892849e-11 5.09704780666e-10 2.20864130527e-10 1.25401166307e-10 7.06389348192e-24 1.7250281033e-13 0.726450483809
Doc #144: 4.60211779038e-20 1.05981807495e-15 2.68120539494e-17 1.73714006593e-30 1.07960654698e-18 5.09703103212e-41 5.11352492748e-29 3.1377118372e-33 1.42936096902e-29 1.0
Doc #145: 1.53449058157e-27 1.11543533241e-10 7.14530759722e-19 2.24021691028e-12 3.39773223744e-41 1.32971636329e-11 0.923898535923 4.52291524114e-22 7.22729708146e-30 0.0761014639501
Doc #146: 0.21888660165 1.00650451723e-09 6.00038097015e-07 0.444068769425 0.3370294112 1.38258688028e-17 9.80566442257e-13 2.40582206276e-17 1.45749604072e-05 4.17194398815e-08
Doc #147: 1.02165300961e-14 2.72819997894e-12 0.280877066663 6.06265601866e-08 0.719114575504 5.07490588515e-20 4.71511109528e-13 7.95627161346e-08 3.76190462682e-13 8.21764055924e-06
Doc #148: 1.41394192791e-05 1.20688340483e-10 0.000121333006975 3.65154647271e-10 2.79142426286e-07 0.999862213029 1.96039771546e-06 3.51834270942e-10 7.41670659918e-08 2.92598769957e-15
Doc #149: 0.893441046751 2.10492386739e-05 7.72194042105e-10 1.69668056674e-11 0.093908193783 4.34255297053e-13 1.48810906275e-09 6.3591447012e-23 5.59525183329e-15 0.0126297079501
Doc #150: 1.65218286174e-12 3.47583090813e-09 6.94936516122e-06 7.18904169993e-10 1.52664885529e-07 4.57577567882e-10 1.65085365505e-12 1.70880843631e-08 2.76518352591e-09 0.999992873461
Doc #151: 2.20420917064e-21 3.23883852378e-20 5.40381241735e-15 2.44702526353e-22 1.09412963622e-26 9.72959397632e-29 1.53731156188e-24 5.60789445716e-37 3.93879848518e-30 1.0
Doc #152: 1.01881365098e-06 1.72910802166e-09 0.0654190912008 0.0239020425614 1.15709676776e-19 0.84186457198 4.1354126577e-18 0.0688132735881 2.45320476832e-19 1.27035062e-10
Doc #153: 0.745064961823 3.68238215417e-10 3.4740901179e-11 3.75056304423e-13 3.25849653707e-07 0.254918065903 6.63192863379e-14 3.21214346327e-18 1.66460209133e-05 3.69860158924e-17
Doc #154: 9.77180064299e-19 3.71827452873e-11 2.2775694116e-13 2.70927435773e-09 5.36755326082e-20 3.18184304202e-09 2.64135086236e-08 8.72250393492e-09 0.999994607624 5.35131186701e-06
Doc #155: 9.61340331663e-08 1.08885116223e-21 3.55006822114e-23 6.91118981976e-32 0.999999903866 1.92793012346e-28 5.57177343199e-23 5.90182992902e-26 4.53226999737e-24 6.51217354918e-30
Doc #156: 2.72762240249e-12 5.32425849851e-09 8.95768187188e-15 5.87008664979e-13 1.71218395071e-11 0.999458274934 1.08980632257e-05 3.52225312224e-09 2.32752788473e-17 0.000530818136266
Doc #157: 4.66257901278e-05 8.49145012981e-08 1.12951032261e-07 3.44630060734e-11 5.52493569255e-08 1.08183429592e-05 9.59585141587e-14 2.52786368594e-06 0.999939612731 1.62122642939e-07
Doc #158: 5.17784335591e-15 4.3146645239e-10 0.0140661016652 1.09796338403e-16 1.30181657156e-21 1.44237373924e-32 1.15924507664e-26 2.17705165238e-20 9.79852244916e-17 0.985933897903
Doc #159: 0.0216422475711 5.41971274515e-12 8.89436599711e-17 1.71526819434e-08 1.91037398271e-22 0.978357700504 2.81218004265e-08 5.22003362959e-09 3.78699900908e-15 1.42509688767e-09
Doc #160: 2.01073539863e-09 1.27904530005e-11 0.350748142233 8.39468505177e-13 0.6492518557 5.89783955939e-27 2.22665266709e-14 3.78019242706e-11 5.3873049829e-13 4.86163465521e-12
Doc #161: 0.999999581352 3.45769588692e-14 5.07883740038e-08 3.73064368956e-14 1.38567273654e-13 1.28525829347e-08 1.62574961698e-09 4.02657791586e-13 2.01762371443e-21 3.53380514852e-07
Doc #162: 0.991159818857 2.77433856264e-13 6.85637059104e-12 1.91209923181e-11 0.00883994149108 1.0841742524e-20 5.0587858071e-13 5.63603076175e-12 2.19521052283e-07 2.00983872139e-08
Doc #163: 0.297655427507 8.67739858339e-13 0.000134167454868 0.00355423341237 3.37062517887e-16 1.10087291205e-20 9.99786491229e-24 1.71790585997e-19 1.95735652504e-11 0.698656171605
Doc #164: 4.03435500036e-25 1.86852511165e-22 2.327824632e-19 3.23277200847e-37 7.85323174804e-22 3.87324057852e-47 7.34479450914e-22 1.8828843027e-36 2.28469578037e-31 1.0
Doc #165: 2.77706437222e-09 7.01735005719e-20 0.507213093037 2.72517559134e-24 2.1193538795e-06 0.492784784832 5.30641630231e-13 7.52288827115e-18 5.92923298506e-20 3.88609737127e-16
Doc #166: 0.999966876333 3.56836430743e-08 2.74073134861e-16 7.77725695241e-20 1.08549523037e-07 9.89559579576e-30 2.05442768175e-21 3.19270774153e-18 3.29794335613e-05 3.9505574093e-18
Doc #167: 1.08903123455e-09 4.3984942912e-15 9.40765832582e-25 1.96963919888e-16 1.21445232193e-17 0.999999897195 1.34095469536e-25 1.01710968575e-07 5.19964728943e-12 2.91328801272e-21
Doc #168: 8.6150652042e-21 0.305423455719 6.17156953867e-21 1.30777469258e-21 6.63663866327e-38 0.694538371008 3.81732733856e-05 6.94301362139e-28 9.05346676802e-36 1.79667911166e-18
Doc #169: 6.34957962866e-16 0.000346280841667 2.64908739517e-06 0.00325613391433 2.38263594815e-17 0.184616361363 0.750818096433 3.97070585676e-11 2.83576813888e-15 0.0609604783207
Doc #170: 2.8646199463e-31 4.43437578765e-18 6.57823903392e-27 2.92846837556e-23 9.55106212864e-29 2.04801979263e-24 8.9712544358e-22 1.89321309792e-23 8.92308910273e-27 1.0
Doc #171: 2.14952827896e-13 0.00116015795191 1.16109769139e-12 0.902125514453 0.00018708783776 9.80021348197e-16 0.0576316642575 2.69172176493e-13 0.0388247121987 7.08632992053e-05
Doc #172: 3.15372664352e-18 7.25705982053e-15 8.59866372397e-09 4.84172241318e-05 4.8875554731e-26 6.69796204894e-12 1.19032655374e-11 2.68851554371e-10 3.17540510977e-21 0.99995157389
Doc #173: 7.08956920087e-10 2.7616435708e-05 2.82324383004e-13 0.0039749366467 4.70193366344e-12 2.90136963025e-11 0.719858777829 2.42395422173e-07 0.27613842595 2.09846112034e-15
Doc #174: 2.76353332274e-08 1.7508601161e-07 0.733187993119 3.26038133317e-08 0.00131104943046 5.32482048316e-15 0.264673691575 0.00079874274012 2.82877938659e-05 1.69466107429e-11
Doc #175: 0.01762868238 0.089603212236 0.00146854578676 0.0126744691167 4.69829751329e-08 0.184353699739 0.40600598286 0.232809404225 0.0554559555104 1.16329274564e-09
Doc #176: 3.00228224727e-15 6.25210491982e-05 2.34989306504e-09 1.17387517766e-09 0.331944543091 1.20477683474e-09 0.025466525757 0.493642379232 0.148884026142 1.44119742294e-17
Doc #177: 0.538228221002 0.0136442829997 1.97261452255e-13 0.0298388376284 4.13156666046e-11 4.61052112089e-11 0.165115021621 1.7429791133e-08 0.253172384759 1.23447247838e-06
Doc #178: 2.96272208728e-18 4.1495165712e-28 1.43349739208e-27 5.50129266284e-23 9.22761386462e-14 8.53659523097e-12 1.26537513196e-21 5.93938160917e-14 0.999999999991 3.42132481959e-35
Doc #179: 0.252762864704 0.0402064629143 0.369619734292 0.000806029417642 0.174304320219 1.37800939604e-13 1.70357452043e-16 7.89868673736e-14 3.47606683936e-09 0.162300584977
Doc #180: 6.42302992861e-09 1.47977304418e-21 1.39989489613e-28 7.0869933458e-38 0.999999993577 3.29979682864e-30 1.80851116425e-22 1.04114702484e-24 4.10265481571e-27 4.7570670745e-25
Doc #181: 7.02094873746e-11 2.44501945381e-14 3.6238463656e-13 7.55334245922e-10 6.37716499808e-09 5.9061690805e-15 1.97539542282e-14 0.999999992722 7.4873246902e-11 1.95515296722e-19
Doc #182: 0.446879074547 0.0539969078786 0.0881875225962 4.81269426713e-10 0.0421192010326 8.34774745248e-18 1.38853138178e-25 3.91119330769e-12 4.4245713318e-26 0.368817293461
Doc #183: 0.999999999999 1.41274018628e-27 4.65544529461e-28 2.97375500486e-23 1.93176959725e-19 3.09954013165e-22 3.21291990245e-25 2.89567295879e-15 1.39558096946e-12 1.63311882989e-28
Doc #184: 1.23732461724e-19 5.99354725125e-23 7.50296422061e-26 4.96010765335e-27 2.49143734635e-21 1.92274333635e-21 3.19520936084e-29 1.9895683523e-15 1.0 2.98258472549e-39
Doc #185: 1.19891673157e-18 9.2835491553e-22 3.50057930653e-25 1.99339098349e-21 7.13542136664e-26 4.16439286669e-20 5.12291606325e-21 1.1398296989e-12 0.999999999999 4.92554797909e-38
Doc #186: 3.53186962902e-18 2.52526854591e-26 4.65539309824e-27 1.64927324782e-31 1.20637253795e-31 1.06098177233e-19 5.26415623192e-21 1.67251999298e-15 1.0 5.10105687445e-39
Doc #187: 2.76684139987e-06 0.0184952361692 0.019422607291 5.91255165739e-12 2.22961177791e-17 8.60332528403e-18 1.26804771702e-15 0.899041269012 0.0630381206807 8.02118884307e-15
Doc #188: 0.444240349186 2.89531736665e-09 7.45857494838e-13 1.01860611173e-07 3.99089759397e-17 2.27678767003e-09 1.49031906879e-13 0.229023575015 0.326735968765 1.20841653198e-18
Doc #189: 0.0398521653409 5.36888315101e-06 1.73017339676e-14 1.16334741404e-10 1.75993369917e-16 1.98411611594e-12 7.00619105395e-09 0.338228109468 0.621914348687 4.95877728972e-10
Doc #190: 0.000272773336446 4.16441150153e-07 4.9226693988e-08 0.965893643591 3.33412235234e-14 0.0338331168316 1.40167553055e-14 3.87269368939e-10 2.74710268551e-11 1.58641269871e-10
Doc #191: 3.29863109597e-18 1.76304589277e-17 0.999854285054 1.58162649179e-14 0.000145714779958 7.8384009128e-20 2.16182365184e-12 2.50953242473e-13 1.63741455519e-10 1.80875305224e-15
Doc #192: 0.392160060548 1.29606239458e-10 3.1422986839e-05 0.309074414627 0.298039358603 3.42638366945e-15 5.86398407967e-09 9.95687367225e-12 4.42549662865e-10 0.000694736788926
Doc #193: 1.86153214271e-17 4.59681179459e-16 0.797485269755 3.90491695554e-15 2.6201666336e-19 2.77167403789e-16 2.02606945818e-22 5.19014477315e-19 0.202514730244 2.94120729216e-13
Doc #194: 3.00583783939e-16 3.7125131094e-22 1.65933765685e-16 4.14109951098e-35 0.367011838698 4.81061227681e-26 0.00105100543958 5.57989267469e-22 4.82440839649e-19 0.631937155863
Doc #195: 8.06131538469e-14 7.96252123909e-17 6.3002657474e-20 0.999999735377 2.64560149228e-07 1.40863006066e-19 6.23955892141e-11 2.28739633174e-13 4.91398835789e-14 1.1624856629e-17
Doc #196: 4.68303584935e-20 2.05054866098e-29 1.64241783741e-29 7.06476569959e-34 1.0 3.28146646681e-35 1.33562085808e-19 3.20630862562e-26 1.4352067468e-30 7.28028451312e-27
Doc #197: 0.279753081218 0.244440973675 1.22093379154e-12 0.000191206134118 4.3484228041e-22 0.26492537791 0.074564147883 1.37948176008e-12 4.78855625381e-17 0.136125213177
Doc #198: 4.18104966496e-18 6.40322061592e-20 1.11298253389e-21 2.06574445736e-29 0.255868824366 5.78489366556e-28 0.000339775813202 1.59128089541e-23 2.20875218561e-19 0.743791399821
Doc #199: 1.62488977447e-12 1.24893205859e-08 4.23055932795e-10 2.5622270572e-11 0.0109412469331 0.989058740051 2.36562129193e-11 1.7833332462e-18 2.36187904147e-14 5.28392066247e-11
Doc #200: 3.55340902846e-07 4.07066995257e-08 4.64665217674e-09 1.41550352913e-08 1.86229823303e-14 0.99999710231 2.02722379693e-06 9.45224533696e-09 4.46164725249e-07 2.19955457872e-14
Doc #201: 2.96445310371e-15 1.08413832266e-20 8.66809135943e-20 7.11825348654e-24 0.999999999999 1.27344566437e-24 1.09120145447e-12 1.80417595182e-17 1.45358872629e-24 5.20948883366e-23
Doc #202: 1.28276240584e-15 2.77706483671e-12 2.14540338298e-08 0.0428617162316 7.19065976384e-09 2.03895956678e-08 1.87288171719e-08 0.0931218084729 0.0133245987662 0.850691808763
Doc #203: 1.11294610681e-21 2.22200316167e-17 6.44217845979e-17 2.49514897695e-17 4.47388293589e-20 0.057022332771 0.908209776238 0.0347678909787 8.15599162504e-12 4.09404621813e-12
Doc #204: 2.60636326434e-08 1.33302813612e-05 0.00797578753663 0.367656650915 2.63272456981e-11 0.0569554773575 3.07085891593e-14 0.466024910469 0.10137379014 2.72108727281e-08
Doc #205: 2.12941717294e-11 1.09932452933e-20 6.96668972927e-25 2.52609761065e-27 0.999999999979 2.35207084653e-24 3.84098557951e-21 4.43289733821e-19 6.91497559971e-25 4.71199506912e-26
Doc #206: 1.78743125424e-21 2.59711922279e-22 1.65935708265e-20 7.18167637372e-21 6.92650160282e-32 2.03222961091e-17 1.71435539129e-17 0.998499710733 2.03332792727e-34 0.00150028926717
Doc #207: 4.49935813855e-12 1.90151921597e-11 1.81056825066e-12 0.931141538881 5.11415031391e-14 0.0688583682523 2.60460841494e-10 1.00208979019e-11 9.12730454188e-08 1.29809608031e-09
Doc #208: 7.33934232489e-16 3.09201713378e-05 0.997806393529 1.80601462177e-08 5.19127738913e-18 8.73567655047e-12 9.46128406118e-11 0.000158927754934 3.05090280355e-10 0.00200374007606
Doc #209: 0.000734668280487 0.120321779146 0.0120175864226 2.1543901937e-09 5.78947928788e-05 0.0490628137512 0.00258414116394 3.54323482971e-15 1.04923208777e-16 0.815221114288
Doc #210: 0.10315220815 9.68738331488e-12 3.4636297311e-11 0.850477110076 6.2095974945e-12 1.03135188487e-09 9.51043868146e-09 2.79189908927e-10 1.77303266511e-13 0.0463706709028
Doc #211: 2.02896603098e-11 0.274738923854 0.00381505212717 0.285462284013 0.355147297422 2.56279289077e-09 5.67934489932e-07 0.029822124894 0.000852370669009 0.0501613765036
Doc #212: 9.0681892062e-16 0.0007249053915 1.00142705818e-16 2.18435015543e-06 1.63965647906e-13 3.99203688538e-14 1.94004860703e-09 0.000826331333339 1.23283912456e-08 0.998446564656
Doc #213: 6.66894101283e-07 4.34147858824e-11 3.66740845175e-18 0.99220860805 1.47573882015e-11 1.02652204762e-15 0.00746922490476 0.000307531573949 1.32571985429e-05 7.11320890874e-07
Doc #214: 4.9030991211e-23 2.3153913916e-13 1.0 1.01668265729e-21 5.4875677186e-18 1.128271282e-32 3.81391472565e-35 6.52665966824e-14 2.3120951714e-14 5.9464398089e-21
Doc #215: 2.49940718193e-12 1.12144007764e-06 7.25020183132e-05 4.18984064409e-08 0.0366433944443 1.21719074658e-07 1.90790143009e-09 0.350791628107 0.610483005071 0.00200818339164
Doc #216: 2.12550471333e-17 1.05725683916e-12 0.852091644168 3.47195849945e-11 3.40259190793e-13 2.78294600119e-24 7.9152603744e-22 5.45708731889e-17 0.147908355344 4.51246430907e-10
Doc #217: 1.7548449137e-23 5.05044468559e-14 0.850521774465 1.24993054269e-20 8.23279268081e-17 4.89570707025e-18 3.52167330371e-31 0.0106503358904 0.138827889644 2.72648513315e-13
Doc #218: 0.999999994535 9.49653213788e-12 3.65237992548e-12 5.43920846833e-09 3.18524289214e-30 3.75335364251e-16 9.4686495287e-19 1.23087634348e-11 2.08067154437e-21 6.63140757659e-23
Doc #219: 1.43067674637e-11 5.39227586856e-14 0.999880773945 1.60490257068e-11 4.60424022884e-20 0.000117457875923 1.60115697693e-14 1.76814572227e-06 3.30616627016e-12 7.82842035278e-14
