Doc #0: 0.0004691080591 1.31309005939e-41 0.999529951029 4.42686818689e-08 8.96643256628e-07 1.44260316235e-14 7.73574692419e-19 6.1581769959e-14
Doc #1: 4.45056572704e-15 3.41575509341e-31 0.999999999893 3.96661305249e-14 1.75008508193e-18 1.22280541968e-11 9.33649368338e-11 1.11164254344e-12
Doc #2: 7.52681592262e-30 1.35772894554e-45 6.98988168435e-20 4.59245750177e-23 5.69407353082e-23 2.56881395364e-19 1.0 1.96650799873e-23
Doc #3: 6.56703158602e-10 1.96690641016e-37 2.22465488529e-06 0.000260459775751 0.999157673403 7.58682326581e-18 0.000491519427896 8.81220821588e-05
Doc #4: 2.86761647054e-20 1.93995178914e-39 0.999999999604 3.80858851161e-26 7.7989441925e-15 7.5116742441e-20 2.58039768232e-10 1.37916546714e-10
Doc #5: 0.000273128514523 0.265455591443 2.62532265474e-07 3.58158858184e-13 3.83668195615e-07 9.51224609043e-05 0.733836317666 0.000339193714289
Doc #6: 2.70010783403e-11 7.70531875747e-31 0.999949489997 2.0249227809e-05 3.02600698863e-05 6.01928628327e-10 1.22478017716e-11 6.38296846866e-11
Doc #7: 0.210066822438 2.58558513039e-31 0.789932365115 3.2700950084e-08 7.79742676194e-07 1.69020023456e-17 5.08060714159e-21 3.42570859133e-12
Doc #8: 1.07319064178e-22 1.46267450448e-37 1.26581122203e-12 0.00120165516143 8.10009152595e-08 3.71817549899e-28 0.998798263836 9.90017987688e-15
Doc #9: 1.01275246632e-18 2.17812910914e-36 1.0 4.13229477394e-14 3.40030764926e-21 1.37282300483e-15 5.50393014554e-14 1.25925421e-20
Doc #10: 0.324421264671 6.20388970549e-13 0.254960767676 0.140449765199 1.66051377476e-21 0.167472682824 0.106473262832 0.00622225679808
Doc #11: 0.0103329955778 2.29459242694e-37 0.688490402965 2.56502672302e-19 0.301133104618 8.10760201334e-08 4.33630458411e-05 5.27181691121e-08
Doc #12: 5.31538764059e-24 1.1578195539e-16 0.999999999802 1.65084185058e-10 1.47784801287e-11 6.24340084146e-23 1.32462688522e-17 1.77804816288e-11
Doc #13: 0.999999999948 1.46144413198e-35 4.23966116158e-18 1.8117593481e-19 4.89284610906e-11 3.45669917941e-12 6.46885018568e-24 1.14405792116e-16
Doc #14: 1.05837391228e-15 3.58867953789e-28 7.44402410958e-16 3.74434799032e-14 2.30195461437e-13 0.0448662859915 0.387035897062 0.568097816946
Doc #15: 2.50431446655e-08 5.68811773868e-34 1.5523472666e-11 2.83956402314e-15 0.663323560431 0.324419349627 2.33341210319e-05 0.0122337307631
Doc #16: 6.38539507822e-09 2.71304860784e-43 2.49335695969e-11 4.37374293427e-13 0.246228040889 0.753771945239 5.65228298761e-09 1.8090877615e-09
Doc #17: 6.30714001553e-22 1.93631842251e-60 2.33894883182e-22 2.45966094295e-16 6.03866417374e-26 1.0 3.01300894701e-15 1.16456924488e-22
Doc #18: 8.4348034066e-19 0.999999998334 1.03817904154e-09 6.27529588526e-10 1.88474484538e-15 7.43397578595e-16 4.81661821019e-19 6.69519897804e-19
Doc #19: 4.46921697262e-11 1.66971239436e-36 1.07326769105e-06 4.33357695754e-06 0.10891767429 0.891076918821 1.27622886017e-13 3.14323591414e-14
Doc #20: 2.61739277723e-25 3.44565496508e-18 0.118661946505 0.000166725739423 1.63723538156e-08 0.881171311347 3.61620043123e-11 1.38443719555e-13
Doc #21: 4.11002668665e-07 2.36545929475e-30 3.98408764716e-12 0.153565323567 0.449882067724 4.89318648153e-10 3.16017538347e-09 0.396552194053
Doc #22: 0.000405876621889 6.90370111474e-31 3.12609481058e-12 1.16582049693e-05 0.373184967651 0.626397482482 1.50363035981e-08 6.37086033972e-15
Doc #23: 2.17016611198e-10 3.99311090208e-41 0.000242634379912 3.40360495048e-07 7.59135019474e-09 0.384604550478 0.615139680766 1.27862072538e-05
Doc #24: 2.1719656797e-09 1.1616191903e-23 3.87282566648e-05 0.0514740627387 0.948455738817 3.8032890075e-08 3.14299830232e-05 1.32341805944e-15
Doc #25: 1.97418585536e-06 7.40975997675e-43 9.9202193303e-10 3.94820857399e-15 0.784933174943 7.11618862972e-19 4.35388148193e-25 0.215064849879
Doc #26: 1.19530604748e-31 9.60910220872e-58 3.47409115855e-19 1.99231465217e-22 0.999999998126 1.87416518005e-09 5.09405286865e-29 2.88228880495e-21
Doc #27: 1.18791197257e-11 1.40105664284e-33 1.73206515916e-07 0.999999817543 3.8855313687e-15 1.00176560342e-19 9.23905773827e-09 9.79628625498e-24
Doc #28: 9.59796817084e-14 5.03848567585e-46 5.64625612832e-16 1.8517558663e-15 0.308484239626 0.68976678485 4.23497041706e-12 0.00174897551989
Doc #29: 5.0201567192e-16 2.03754055638e-28 2.47050107157e-09 1.46204087708e-10 1.67292998901e-15 1.36817119309e-05 0.553692354491 0.446293961181
Doc #30: 4.56866655405e-07 0.763961856264 5.74564136601e-11 2.35368369132e-15 1.24910640889e-17 0.236037686779 1.11657840016e-11 2.1587580955e-11
Doc #31: 8.95122016683e-36 2.44673873648e-50 1.19471845318e-30 6.34258360432e-29 3.07701492699e-25 7.47275710701e-26 2.84300810183e-32 1.0
Doc #32: 0.000217595778721 6.03345922131e-29 1.44322446768e-07 5.83341582413e-14 0.370108042595 2.33166573917e-09 0.629672185559 2.02941396036e-06
Doc #33: 9.70883709214e-14 6.28430930394e-19 8.21821586203e-06 0.999991779892 1.8839319689e-09 8.08255364313e-12 2.54644451641e-20 1.26869395857e-19
Doc #34: 3.9233045487e-20 1.22579128912e-11 8.73670719376e-06 0.127494355233 1.39511298085e-21 8.28219847784e-19 0.872496908047 7.78254245752e-16
Doc #35: 3.46457943714e-09 4.44342109661e-43 1.10604704323e-12 5.34145872516e-13 2.44495149026e-12 1.53801860488e-10 9.35838532701e-19 0.999999996378
Doc #36: 6.10535288964e-09 8.67572642789e-43 1.57935879307e-19 6.75519811413e-13 1.18314646485e-11 0.947877551412 0.0521224424706 3.77570627496e-17
Doc #37: 6.79730052968e-18 5.63538804189e-42 3.00916504793e-15 3.988887834e-23 1.11122492581e-14 2.67125184831e-17 6.74350506892e-15 1.0
Doc #38: 0.513790011777 8.19626280108e-34 0.239685680467 5.88235052999e-06 0.0317235141036 5.59272376312e-11 0.214794911246 6.20392018789e-17
Doc #39: 4.12945541147e-09 1.98871303815e-27 0.0495164255479 4.07428792402e-11 0.0579718101385 3.23296617137e-05 0.241286594459 0.651192836022
Doc #40: 1.63434872132e-09 1.39110363216e-35 0.0949709083179 3.93541684142e-15 4.77745306454e-23 1.63666205295e-07 0.905028926382 3.15612550825e-17
Doc #41: 0.999999690765 7.82500066329e-37 3.06863345541e-07 5.72792420395e-13 9.54935734089e-18 2.18843774244e-15 6.35556509806e-12 2.36471091061e-09
Doc #42: 1.10345349205e-19 2.06421228121e-52 4.42064921232e-05 1.01595253401e-12 0.929030796545 0.000377898994593 0.0705470979673 9.22355349196e-20
Doc #43: 4.58081526476e-16 7.53766504606e-37 2.45198055701e-10 8.97038562085e-22 6.51402633869e-18 8.66326759868e-11 0.999999999668 1.28754536817e-16
Doc #44: 6.09312174507e-20 1.37630067402e-54 4.10399559464e-18 8.83370904269e-22 6.4759458941e-13 3.15207089883e-26 7.7217394705e-21 0.999999999999
Doc #45: 1.50760267761e-05 8.62745849271e-37 5.98545299819e-07 2.64821141725e-10 0.999982164614 1.65355591391e-21 2.26066514477e-12 2.16054722665e-06
Doc #46: 4.17250990779e-06 1.77982590197e-18 1.22744261523e-11 0.999995827388 1.76006698509e-13 2.26908055748e-14 8.99870151038e-11 7.68017061839e-18
Doc #47: 5.37926956877e-09 2.57480852457e-34 7.53870591119e-10 3.7714232738e-11 5.9162479917e-13 8.62430287164e-09 1.11232480962e-15 0.999999985204
Doc #48: 2.2350681957e-14 4.8880655228e-27 1.69752133971e-10 0.999993939182 2.30109166259e-21 1.0014847198e-11 6.06063773268e-06 7.71702334935e-14
Doc #49: 5.463806263e-08 6.97080110311e-44 5.99878574816e-11 0.999999898025 4.72772578526e-08 4.55208628122e-19 2.16498475942e-14 5.52432983479e-18
Doc #50: 0.999999999971 4.57599108197e-36 6.61052455965e-13 4.04082098578e-15 9.10210188393e-18 1.38023681199e-13 2.80436223791e-11 7.71724270409e-23
Doc #51: 2.61900597435e-05 7.3149934145e-39 1.10842241835e-06 5.40114626162e-17 0.99997256825 1.54462389679e-17 4.3297616227e-15 1.33267461955e-07
Doc #52: 0.211322674525 1.32793713956e-19 8.08192081167e-06 0.496525187573 0.000322658978974 0.291010525653 0.000810871349708 1.32827190562e-19
Doc #53: 5.43730590502e-19 2.4126686441e-35 7.28174741734e-10 5.09152406246e-19 2.06013785294e-16 1.76118016548e-10 0.999999999096 2.85805287343e-15
Doc #54: 0.74538036677 1.04057583505e-33 1.34331779537e-07 0.0862770451407 0.168323836935 1.86083591699e-05 3.70742458924e-11 8.42594652337e-09
Doc #55: 0.701595923241 1.34139022436e-19 3.04702195391e-11 1.58603280598e-20 6.64275056272e-20 3.20815688354e-14 1.57815045967e-13 0.298404076729
Doc #56: 4.18606087344e-17 1.54049416811e-35 1.36158979083e-22 1.57791967909e-20 1.0 6.00245382347e-22 2.32784756751e-19 1.57113721087e-21
Doc #57: 9.18958046217e-15 4.33604937359e-36 9.89780960662e-12 6.08505657287e-13 0.999999973752 2.33030320075e-15 3.64108390573e-13 2.62370494386e-08
Doc #58: 9.85419364325e-06 1.38817128415e-21 0.311492386554 1.80956454908e-08 0.403621092847 7.48487531074e-08 0.284852389671 2.41837899067e-05
Doc #59: 1.89203490903e-14 5.21481368043e-34 9.28596117366e-07 7.73946339198e-09 3.63230013815e-10 4.59415379877e-22 3.97371467676e-25 0.999999063301
Doc #60: 0.285014217456 3.84492875985e-16 4.19442026132e-07 0.0425049501215 8.0546429029e-09 0.624977835755 0.0456964444043 0.00180612476633
Doc #61: 3.46003942924e-09 3.59590267714e-33 5.56245695233e-13 4.76906461377e-06 0.998896484664 1.70741985367e-10 1.75022592046e-10 0.00109874246492
Doc #62: 0.639944909417 4.31804509496e-43 1.37567602971e-09 0.0425714956875 0.205363134237 7.83335553851e-10 0.106735868931 0.00538458956773
Doc #63: 8.33218183245e-30 1.39240948762e-38 1.9193115429e-14 6.4404545597e-22 3.46360090379e-26 0.999993712737 6.28725674374e-06 5.86471021597e-12
Doc #64: 0.806524949598 9.66502946859e-41 1.18380531229e-13 6.41273251749e-09 0.144019035733 3.36635252718e-12 4.53828311746e-19 0.0494560082535
Doc #65: 1.67131276392e-17 2.8374829324e-38 2.25754609437e-21 1.0 4.56021132993e-18 5.74674248814e-16 2.2490759359e-22 4.46489142769e-21
Doc #66: 1.32976735085e-09 2.1533386086e-38 3.13152108106e-10 0.569518905708 2.07385986598e-07 6.25194415802e-08 0.430480780121 4.26230703665e-08
Doc #67: 2.16926158351e-19 1.21848438125e-31 3.24794215906e-09 0.774832980879 2.01537352838e-17 0.225167015519 8.22441120094e-12 3.45322896789e-10
Doc #68: 1.35251180494e-06 9.16153799455e-43 2.20922065849e-10 3.94268342889e-12 3.18694144358e-14 3.45763274519e-05 0.907075887998 0.0928881829383
Doc #69: 3.09827561251e-25 1.0135863566e-45 0.999999998148 1.63169785549e-20 1.8516181681e-09 1.28530551694e-14 4.632696838e-16 1.13055728544e-14
Doc #70: 0.452751140613 6.95425148219e-25 7.23053908745e-09 1.4079328505e-09 0.0501502243742 0.103033010604 0.39406505769 5.58080141172e-07
Doc #71: 6.67386843712e-05 1.4603306615e-20 0.530675881705 0.468281985882 0.000967925398306 1.53617765453e-09 7.29531922556e-06 1.71474585458e-07
Doc #72: 0.000411122096207 1.09114990947e-36 2.57208169156e-09 0.244443232369 0.000194899842877 0.75495074312 8.21060371e-24 1.45052492336e-17
Doc #73: 0.531918807274 1.13701479115e-25 1.98273867108e-18 0.468079327319 1.85804924193e-07 1.67960187219e-06 6.87012118137e-28 7.2402953746e-17
Doc #74: 0.107946900368 1.05737826475e-29 2.1390037202e-05 1.67245947122e-19 8.43808092732e-20 5.54949837027e-19 8.70652829831e-16 0.892031709595
Doc #75: 1.47904452791e-08 8.61727094348e-41 1.39285995811e-11 0.270171203147 0.470276929943 3.45244948854e-21 6.7276017705e-12 0.259551852099
Doc #76: 1.49604112125e-07 8.02078896798e-25 6.07072595663e-10 2.15371217836e-07 0.402305495458 0.597693860158 2.78801723647e-07 3.17882320197e-14
Doc #77: 0.999999999597 1.80944882431e-37 3.08406435326e-16 1.28862755803e-13 3.88812707133e-10 1.59001510534e-15 2.33700371728e-17 1.43821612482e-11
Doc #78: 7.26685457126e-07 2.01068939994e-23 4.87241022458e-12 0.999017245495 0.000982026298045 6.92561352408e-11 2.17817242844e-13 1.44724333373e-09
Doc #79: 0.197965829144 4.71655405813e-40 5.52917119702e-14 1.97020812231e-11 0.801932927533 0.000101243152249 1.24511552931e-13 1.50570309776e-10
Doc #80: 4.71261655552e-20 1.79454778146e-43 4.97981972034e-16 9.79052863479e-20 1.76564494699e-21 2.91873597353e-24 1.0 5.14403367131e-17
Doc #81: 4.99317638369e-06 2.5422698481e-27 0.000568243236884 3.87720988514e-21 0.274813229556 3.38236227875e-07 7.3346320854e-11 0.724613195721
Doc #82: 4.79587595387e-10 6.24469872964e-38 3.75341642221e-05 3.18555015409e-05 0.999341790916 1.34521004462e-22 6.92770349161e-12 0.000588818931512
Doc #83: 1.84048112631e-05 3.93073404975e-28 0.765213495398 3.24700782254e-14 0.165183738682 0.0695843611091 1.88804351466e-13 1.79302194594e-17
Doc #84: 0.999999999995 5.08638360977e-45 2.41422729833e-15 1.05793360345e-15 5.27921097827e-12 1.31476912718e-16 1.95670494934e-21 2.93939716743e-22
Doc #85: 8.39687318359e-07 9.98519726087e-33 6.62279527513e-05 5.36656071931e-20 0.534853282425 7.97992552782e-06 7.11940092852e-19 0.465071670009
Doc #86: 0.999999999933 9.87111701378e-38 6.00588074696e-11 8.5726431932e-30 7.28517726156e-12 6.69074517371e-17 3.7713642216e-26 2.55784017519e-18
Doc #87: 7.61083920045e-14 2.93342566427e-38 0.00144299305723 6.4456584514e-11 1.26428064792e-19 1.80994199782e-19 0.998557005568 1.31062272101e-09
Doc #88: 1.04166457889e-08 5.92101246016e-40 2.73568441953e-08 1.35076751384e-16 9.31615998776e-11 1.53784082654e-20 1.18019724531e-18 0.999999962133
Doc #89: 0.912291095138 9.50962145344e-34 4.6019250495e-13 0.0877043771751 1.00565351897e-19 1.43505138083e-16 4.06070969978e-06 4.66976365015e-07
Doc #90: 4.50646353546e-12 1.7863389278e-06 7.56589893995e-06 0.953968048621 4.60695189414e-05 0.04597652639 6.09534907123e-11 3.16704630798e-09
Doc #91: 8.93190899571e-19 7.748318925e-19 0.999586149627 0.000413850372653 1.18637179394e-15 3.20984412091e-25 6.21206654274e-27 3.64610565629e-19
Doc #92: 2.04968407249e-06 1.97461845179e-43 8.46476429536e-05 1.88467932667e-12 0.842407553535 2.48425966232e-10 2.86558250999e-13 0.157505748887
Doc #93: 2.45801840333e-11 1.2070391489e-38 0.762235715638 1.70527815585e-16 0.00335526288757 0.234409020854 5.76932377489e-10 1.83940525107e-11
Doc #94: 9.72662681086e-08 0.279831141989 0.000164399291675 1.27186763439e-17 3.99553644014e-13 0.720004361452 5.30870632732e-15 6.99028207043e-19
Doc #95: 1.34603289421e-19 3.32700904635e-25 6.06478747301e-20 2.84223685687e-22 5.6497951895e-23 1.0 3.00390425554e-13 9.25902657662e-21
Doc #96: 5.96415264737e-08 1.55603183432e-50 0.83307599424 2.71669767638e-16 0.0506919759087 0.115237723062 0.000994247148063 8.18888253557e-14
Doc #97: 4.52619313838e-07 9.4061220156e-39 0.00206131932209 0.051625794914 0.946312427722 1.2252929966e-21 1.83190880386e-22 5.42296529555e-09
Doc #98: 0.719864584354 0.0 2.37385426749e-16 3.25207452471e-13 0.280046591874 1.44170127109e-08 8.87020856863e-05 1.07268752946e-07
Doc #99: 9.24442499731e-17 1.12417702796e-29 0.777784678407 2.52204926169e-15 3.1643301207e-14 0.22193175775 0.000283563842756 6.32661267882e-17
Doc #100: 8.4955140162e-21 7.72774916916e-43 2.07720188087e-14 2.52311331955e-20 0.999999440457 6.16341032942e-19 1.11442673482e-25 5.59543280034e-07
Doc #101: 0.944681049407 2.16197738757e-39 5.75850415739e-27 0.0553189505928 3.35350893069e-17 4.00189692566e-16 1.27931133039e-21 3.54135846529e-24
Doc #102: 1.71722531833e-19 3.21932288953e-37 0.0131360984916 1.17718249257e-09 9.68094050486e-14 6.90735546874e-13 0.98686390033 1.84521939798e-14
Doc #103: 5.44071009182e-16 2.48399775973e-40 7.04271120666e-19 1.63905364182e-13 8.67508059882e-20 0.999999999999 3.84443348034e-13 3.6429608088e-16
Doc #104: 0.466965226504 2.98751971377e-27 0.533019934301 4.90383519796e-12 1.36720149946e-05 1.16388555698e-10 1.56968429647e-17 1.16705792616e-06
Doc #105: 0.234377701235 1.46776004136e-28 0.351761797598 3.04503534904e-16 1.89118220956e-07 0.413592026355 9.31849424138e-05 0.000175100752577
Doc #106: 0.00339263292531 1.7668469503e-37 0.996606986621 2.19105080004e-07 6.49665549454e-12 1.61315953291e-07 1.18142343976e-11 1.43266781169e-11
Doc #107: 0.999981588493 2.84148674289e-35 3.23045661563e-16 1.15508168951e-07 1.18393190555e-06 1.71120667018e-05 5.32420898288e-14 2.5512245877e-17
Doc #108: 5.2804979016e-12 1.35753786455e-44 1.01272379905e-08 0.0849054486012 0.725958191129 7.06797218012e-14 0.188817936915 0.000318413222316
Doc #109: 9.7775114439e-11 7.52093253934e-60 5.18084565183e-14 7.36216234569e-06 2.54548925092e-06 0.0391538604282 0.0663160911232 0.894520140699
Doc #110: 1.26125139482e-12 7.7753824906e-32 0.996580859724 5.77890719883e-21 5.27825290337e-10 0.00252511937552 1.95624427532e-07 0.000893824747395
Doc #111: 1.16039422971e-06 1.05088100066e-17 2.00645691438e-07 0.209247744874 0.430399006634 5.52208710154e-08 0.360302253166 4.95790651644e-05
Doc #112: 6.94668919383e-06 2.25428060542e-29 3.21555933076e-20 5.37821314535e-14 2.60042420517e-21 0.999992769291 8.93402031757e-16 2.84019740044e-07
Doc #113: 1.20642351881e-17 5.66042012176e-09 0.999970938778 2.90555618091e-05 4.65177919482e-16 8.40084224306e-20 3.82478027592e-23 5.00780896027e-20
Doc #114: 1.1611294676e-14 5.65548318449e-39 7.52458647144e-12 0.602258795355 0.397721987904 4.35049020645e-24 8.5878409966e-13 1.92167325488e-05
Doc #115: 1.0 3.07777950412e-35 5.22170382658e-17 2.96743061957e-18 1.62570958989e-14 2.24136804087e-23 4.36394464912e-25 2.20605021425e-27
Doc #116: 3.50914135837e-27 1.12337292186e-48 1.96339612945e-12 1.45828254372e-06 0.999998541715 1.9780555904e-16 3.99263209981e-20 8.225819452e-13
Doc #117: 7.30973642088e-22 4.90527411299e-31 7.52874283284e-20 1.0 1.91345207831e-28 8.60549074422e-24 6.69755392938e-21 5.29609893794e-19
Doc #118: 7.79562524227e-07 1.04328404769e-21 0.745088514699 0.00363645450415 8.06587151776e-19 8.35294522254e-10 0.251274250399 2.6084876444e-14
Doc #119: 0.243011166275 1.68344338666e-15 9.74965798862e-07 0.544447517065 7.0749567404e-05 0.212469589992 2.13484267538e-09 9.86679308879e-15
Doc #120: 5.3761160992e-07 8.80471261172e-38 9.98116912879e-10 0.07826145799 0.907665207621 1.60393674005e-14 6.57843823097e-19 0.0140727957792
Doc #121: 2.39269369152e-13 5.71244276732e-22 0.0624115027565 2.56947439728e-16 0.000322978948265 3.23160448099e-08 0.937255840881 9.64509788786e-06
Doc #122: 1.57409312097e-16 3.44372736746e-26 1.15518330979e-12 1.40115519457e-13 5.60592950234e-19 0.999999999999 7.89972121462e-20 6.68828364073e-14
Doc #123: 3.1864575397e-12 5.76344402119e-45 0.999999999834 1.13147942808e-18 1.22948038947e-24 4.21160961089e-21 1.62906962913e-10 1.23418801168e-25
Doc #124: 6.25554233967e-28 3.75845457078e-45 2.52797548138e-17 1.92558928593e-24 7.4638862406e-25 2.92883147498e-28 1.06141368294e-18 1.0
Doc #125: 0.181192340814 0.818750414957 7.91165341137e-06 1.37470011376e-06 1.32236267038e-10 4.79220546053e-05 3.56883518974e-08 3.37874408633e-13
Doc #126: 0.267686387139 1.45899866614e-35 1.01954060727e-13 0.0301878858983 0.369583012399 0.0664536902297 1.016628221e-06 0.266088007706
Doc #127: 0.000700153935312 7.37484702309e-16 0.01096519308 1.08670195172e-19 8.53081214358e-06 0.548497984567 0.439828137467 1.38999260062e-10
Doc #128: 1.73108477821e-06 2.687451307e-39 6.1383317687e-10 1.61225913371e-08 0.999998252179 7.784665943e-16 7.72463190266e-14 8.56676407028e-16
Doc #129: 2.67952157341e-14 3.62421295212e-20 0.216583838789 0.783416160572 6.39116717138e-10 4.61953636093e-21 2.03048510834e-25 8.66667534623e-16
Doc #130: 3.66778953484e-21 1.7806872454e-14 2.96061646784e-19 3.77157118916e-10 1.60648100654e-20 2.3828520494e-09 0.99999999724 2.47010175682e-26
Doc #131: 0.113961538415 0.00684930196743 0.157888190087 0.154089250079 0.126910649217 0.156673254263 0.154765013272 0.1288628027
Doc #132: 1.0 0.0 0.0 0.0 0.0 0.0 0.0 0.0
Doc #133: 0.0 1.0 0.0 0.0 0.0 0.0 0.0 0.0
Doc #134: 0.507389363875 0.0756998323213 0.110252204239 6.58476497929e-10 0.306653350529 2.22330213859e-16 5.24768200667e-06 6.9635402997e-10
Doc #135: 1.0 0.0 0.0 0.0 0.0 0.0 0.0 0.0
Doc #136: 0.0 1.0 0.0 0.0 0.0 0.0 0.0 0.0
Doc #137: 0.2576400744 0.0539700180017 0.190813250561 2.37556029423e-15 0.37755540683 2.024732355e-19 2.76636677888e-14 0.120021250208
Doc #138: 1.0 0.0 0.0 0.0 0.0 0.0 0.0 0.0
Doc #139: 0.0 1.0 0.0 0.0 0.0 0.0 0.0 0.0
Doc #140: 0.352503139776 0.0400078183823 0.173657551079 5.6131581178e-16 0.362850748 0.00549644328325 0.027200451091 0.0382838483888
Doc #141: 1.0 0.0 0.0 0.0 0.0 0.0 0.0 0.0
Doc #142: 0.0 1.0 0.0 0.0 0.0 0.0 0.0 0.0
Doc #143: 0.323014556504 0.0440402928193 0.043815479551 0.0838930278083 0.21705680196 3.20267287352e-10 0.162976851053 0.125202989984
Doc #144: 1.0 0.0 0.0 0.0 0.0 0.0 0.0 0.0
Doc #145: 0.0 1.0 0.0 0.0 0.0 0.0 0.0 0.0
Doc #146: 0.290604303851 0.0444506850089 0.175538181577 0.116228500784 0.230543435027 0.0440079129631 0.0286919595051 0.069935021284
