Doc #0: 0.583529143278 2.75163948715e-07 0.416462029043 8.54178325078e-06 1.0732217392e-08
Doc #1: 2.54226781843e-05 0.631877095186 0.368097482136 3.67855355745e-15 6.69072078531e-16
Doc #2: 3.05058780143e-27 6.49290233535e-20 6.42811185378e-12 5.7891618709e-24 0.999999999994
Doc #3: 1.83049302906e-11 0.88559829295 0.114399672826 1.41893108284e-09 2.03278640142e-06
Doc #4: 3.31423767925e-12 1.06231759768e-21 0.999999999997 3.93833367511e-21 6.08268446769e-18
Doc #5: 2.11187278499e-19 0.00019828678626 0.997674784323 2.36872653166e-06 0.00212456016456
Doc #6: 0.914850614301 0.085145197119 4.18849927217e-06 3.05803304021e-15 8.1075593332e-11
Doc #7: 0.666396992692 1.86623114208e-05 0.333584142896 1.0966180585e-07 9.24388067495e-08
Doc #8: 5.97223788103e-19 3.17719358614e-05 1.98135743024e-06 7.09047239231e-08 0.999966175802
Doc #9: 1.46609485109e-13 1.38205932682e-07 0.999999861794 3.0276089585e-19 6.25557471523e-20
Doc #10: 1.41566705582e-12 0.858907306937 4.91706824957e-09 0.141092682045 6.0991165886e-09
Doc #11: 2.65984664838e-07 5.02952965958e-09 1.45416933972e-05 0.00186486574649 0.998120321546
Doc #12: 0.371604664821 0.461874678627 0.166520655904 5.48533186928e-10 9.97105720397e-11
Doc #13: 0.78923456492 1.33206057435e-08 1.15243536051e-13 0.210765421758 1.57075639455e-12
Doc #14: 0.835482965245 8.93582319573e-15 0.164516993157 5.86995590216e-18 4.1597720663e-08
Doc #15: 0.00118995294003 1.65196299062e-16 6.13449983e-09 5.16247467795e-13 0.998810040925
Doc #16: 1.64017244467e-06 2.30010232344e-08 2.17433491562e-17 0.0240178201537 0.975980516673
Doc #17: 0.999981747781 1.39426194357e-16 1.82522183564e-05 1.63333314643e-13 2.80980725395e-14
Doc #18: 7.84546990611e-10 0.0276004010946 1.01796585836e-14 7.02528858009e-10 0.972399597418
Doc #19: 0.176892239699 1.50390895239e-09 0.257911771568 0.565194097803 1.88942607606e-06
Doc #20: 2.9539045554e-12 0.0977870043139 5.7047426925e-06 0.902207290836 1.04300225944e-10
Doc #21: 6.68835475691e-12 0.776225747425 2.29594821985e-17 0.223774240681 1.18878165463e-08
Doc #22: 7.13474978032e-06 0.700098974423 2.76443537554e-13 0.299887592791 6.29803575611e-06
Doc #23: 0.0945494174619 0.000339046252695 0.176859143789 0.275096997001 0.453155395495
Doc #24: 0.404994862174 0.436398693716 3.51855802872e-08 0.158388932261 0.000217476663844
Doc #25: 8.20328580012e-07 0.0231377575361 3.34928878148e-13 0.632263186174 0.344598235961
Doc #26: 1.58951707265e-12 1.59941583995e-24 1.39825204108e-27 2.05211283017e-11 0.999999999978
Doc #27: 3.4464611776e-18 0.170494683517 0.829500353517 4.96296604664e-06 3.05417668143e-18
Doc #28: 8.25528815235e-09 5.4577407307e-11 5.24011854882e-22 8.42607932485e-10 0.999999990848
Doc #29: 1.40475168256e-05 6.62674401735e-09 0.229058085972 0.770927859883 1.42438934985e-12
Doc #30: 1.19577802348e-13 1.79135047889e-07 6.3028745411e-24 1.00249667595e-11 0.999999820855
Doc #31: 1.61201738809e-21 3.68816986966e-22 7.69415617235e-22 1.0 1.3012979926e-21
Doc #32: 0.00835575097044 0.000212497072534 2.13195858897e-05 0.119062547768 0.872347884603
Doc #33: 7.70730232078e-10 0.999999999018 1.10391681043e-13 2.1100514973e-10 2.57615775509e-15
Doc #34: 7.52206489115e-14 0.0581070216967 0.941892972785 6.77903256183e-17 5.51809836987e-09
Doc #35: 1.0 1.24895311998e-21 5.93329283151e-22 4.75089148544e-14 1.11145774762e-13
Doc #36: 0.999999996569 7.68408569978e-24 1.29165758186e-15 1.41058393517e-18 3.43079421223e-09
Doc #37: 1.0268380163e-13 2.06484000215e-12 9.34270158353e-20 3.33959531752e-18 0.999999999998
Doc #38: 0.0253308316938 0.582770005082 0.321718545481 0.0701803635251 2.54218229331e-07
Doc #39: 4.51813188122e-05 0.146696105665 0.380836010707 0.191854882077 0.280567820233
Doc #40: 1.77541212814e-08 8.22968239744e-09 0.999999974015 9.29145067315e-13 2.982441382e-14
Doc #41: 5.70068696926e-09 0.99224343203 1.49078829698e-09 0.00775655912782 1.65043906667e-09
Doc #42: 2.26389736368e-26 7.02027680602e-12 0.999999935918 6.40746368248e-08 2.37090840554e-14
Doc #43: 0.00103837184584 0.917916098806 0.000622061833556 0.0801290116069 0.000294455907355
Doc #44: 7.59092600253e-17 3.88656756042e-11 3.10803296238e-23 9.48752548056e-17 0.999999999961
Doc #45: 0.142019186793 0.102987753242 8.50485514628e-19 0.345981565436 0.409011494529
Doc #46: 1.63498014079e-09 0.950698869464 1.66681832733e-07 0.0493009620699 1.49259528992e-10
Doc #47: 1.0 9.43912553442e-15 5.10968274412e-15 7.34603684602e-15 9.66284155718e-14
Doc #48: 0.728494429301 0.029743407393 0.000228686347399 0.241230372517 0.00030310444078
Doc #49: 0.999999944167 1.82707384889e-11 1.48598818902e-11 5.58003472135e-08 3.59295715219e-17
Doc #50: 0.224021845902 0.00629965849033 5.70294631062e-12 0.769678495602 1.79574668648e-14
Doc #51: 4.7345487043e-06 0.000787662648385 1.08465183658e-13 3.41676909203e-06 0.999204186034
Doc #52: 0.866894377018 0.0557931505834 0.0763642725798 1.409169549e-08 0.000948185727059
Doc #53: 5.59008081491e-12 7.44487258376e-11 0.999999980694 3.14554472716e-11 1.91945022048e-08
Doc #54: 0.6363989333 0.18700308992 2.62147435079e-17 0.175806746503 0.000791230277619
Doc #55: 0.0544129938993 3.84461961209e-10 0.000263195346478 3.3336060685e-10 0.945323810036
Doc #56: 0.186071888092 0.813928109337 2.47566365451e-16 3.12525067404e-11 2.53919444893e-09
Doc #57: 0.437611282934 0.562386997386 1.24718638663e-19 2.16498049827e-07 1.50318238645e-06
Doc #58: 5.64069391643e-09 2.33406145423e-17 0.999999964545 2.98142248747e-08 1.60281182968e-13
Doc #59: 9.3425832539e-15 0.297471300267 9.34931227391e-14 5.40851556929e-11 0.702528699679
Doc #60: 0.651051720923 2.40860467946e-11 2.3397526306e-09 0.348947393868 8.82845350613e-07
Doc #61: 0.244340725121 0.242346349921 1.82351406564e-11 0.00221742174852 0.511095503191
Doc #62: 0.569412015187 0.331690829354 3.67869235617e-06 7.91319540215e-06 0.0988855635712
Doc #63: 1.27842282894e-09 8.90371204128e-20 0.999996124656 1.30268038171e-15 3.87406543608e-06
Doc #64: 0.500352675374 0.470243793917 1.83755034383e-09 3.17952330736e-07 0.0294032109199
Doc #65: 1.37499216572e-10 2.76756327654e-10 5.36275018512e-10 0.999999999049 2.21626095494e-19
Doc #66: 0.999998823331 5.60058855868e-21 5.93516736434e-07 2.026917065e-08 5.62882747065e-07
Doc #67: 0.144616414293 3.88155779079e-11 0.307598024428 0.0113535405199 0.53643202072
Doc #68: 5.37505101746e-12 1.05163191373e-11 0.519990488133 0.000105089301413 0.47990442255
Doc #69: 2.38373072716e-11 2.23804130136e-13 6.94111867322e-07 0.999998032331 1.27353268561e-06
Doc #70: 0.388532956738 1.80796134706e-06 0.268544145147 0.314939247129 0.027981843025
Doc #71: 3.04508511602e-05 0.970352771318 3.87253166382e-09 0.029616773828 1.30813699505e-10
Doc #72: 0.99985552535 0.000144474650159 1.68524280037e-25 1.29950567955e-13 2.65697356712e-15
Doc #73: 0.126192955121 1.48208134166e-05 1.10186858854e-22 0.873792224066 8.60538505366e-18
Doc #74: 1.66649804037e-18 0.296364502788 9.32277511608e-23 1.03617492021e-08 0.70363548685
Doc #75: 1.58482492928e-11 0.963479483503 1.04540855645e-15 0.0363549542267 0.000165562253988
Doc #76: 0.199053856636 0.0361384904966 2.4713581048e-05 0.764782931907 7.37935016337e-09
Doc #77: 0.11845379945 0.881243477458 5.54616109393e-11 0.000228243331351 7.44797053857e-05
Doc #78: 6.2045257822e-13 4.70068701386e-05 3.03122775996e-17 0.999952993103 2.62586718343e-11
Doc #79: 0.99999999809 2.78499610751e-16 2.91140848888e-23 1.90951443674e-09 4.86575711827e-16
Doc #80: 6.42295979576e-13 3.18350813612e-10 1.87298388238e-13 2.49867170744e-12 0.999999999678
Doc #81: 4.56719971566e-10 0.317024820678 1.62819192495e-22 0.289688650172 0.393286528693
Doc #82: 0.16634896967 0.440568580295 1.83661362692e-09 7.41066954504e-10 0.393082447457
Doc #83: 1.04991741785e-25 8.08457734859e-16 1.68566263092e-17 0.999952847979 4.71520209173e-05
Doc #84: 1.11516794961e-05 1.80519883705e-10 5.2565936276e-12 0.999988848135 1.74017521935e-15
Doc #85: 0.625838231733 5.41987429306e-05 1.64722254448e-19 0.260915863521 0.113191706004
Doc #86: 0.934548462745 1.0883199432e-12 0.0654515197135 1.68218179518e-08 7.18643867694e-10
Doc #87: 9.89037043471e-20 0.123263613398 0.876558755208 2.30771282514e-16 0.000177631393956
Doc #88: 9.13666979914e-25 0.000601338111093 2.49098242582e-16 0.988994093391 0.0104045684979
Doc #89: 0.0929969892037 0.835062151463 0.0719408593114 2.35906547628e-12 1.93432824132e-11
Doc #90: 2.18944587296e-06 0.863698992385 2.82559692999e-06 0.11565698287 0.0206390097024
Doc #91: 9.35685493789e-16 1.0 2.45334908532e-17 1.35760358351e-19 8.46568478229e-21
Doc #92: 0.00100743280735 5.41005723247e-08 0.290283669723 0.333190869311 0.375517974058
Doc #93: 1.75656664144e-05 1.04383277748e-19 6.65817583021e-17 0.999646494913 0.000335939420982
Doc #94: 1.09457822436e-20 0.000584432206154 1.07356288169e-16 4.4280330727e-16 0.999415567794
Doc #95: 0.00274981166831 3.96223116231e-15 1.7376698689e-07 0.967406469624 0.0298435449412
Doc #96: 2.76566776452e-07 4.41404553748e-11 3.46012997275e-12 0.978001089551 0.0219986338347
Doc #97: 0.704673316919 0.132745964109 0.000208736119929 0.13725996123 0.0251120216233
Doc #98: 0.725984342535 3.41116707417e-22 8.08936646006e-23 0.274015020146 6.37319133009e-07
Doc #99: 3.00264776616e-05 8.12183711761e-09 0.999958459857 1.15050547986e-05 4.88653673681e-10
Doc #100: 3.59462267405e-07 0.313801404078 2.34095625041e-11 0.378280326914 0.307917909522
Doc #101: 0.263009744637 3.13583606406e-17 1.46239320689e-14 0.736990255363 7.3107670812e-14
Doc #102: 1.7449217959e-10 1.30731338246e-18 0.999999999826 8.85268278336e-16 2.14784918927e-16
Doc #103: 7.02223932255e-05 1.09590685039e-18 6.38652755708e-11 0.999929777543 8.98112012204e-15
Doc #104: 7.78292059284e-14 0.0308911980619 2.87801597425e-09 3.38560524341e-11 0.969108799026
Doc #105: 0.00982080328534 0.7318496394 1.27843298883e-12 0.23759833803 0.0207312192828
Doc #106: 0.00070995206182 3.02688405786e-13 0.000458004293191 3.04173448584e-08 0.998832013227
Doc #107: 3.30371712638e-05 2.23412472673e-09 1.05333867371e-06 0.99996590724 1.59431532895e-11
Doc #108: 0.000534272425642 0.289043315516 0.155301074611 0.492107441102 0.0630138963451
Doc #109: 3.48272474126e-08 0.352581811973 0.176901143744 5.45890599689e-05 0.470462420395
Doc #110: 3.36724109504e-07 2.29029637229e-09 0.112706511934 0.732864221158 0.154428927894
Doc #111: 3.05695803896e-16 0.653546414766 0.000303345786408 3.25023290979e-11 0.346150239415
Doc #112: 2.07346519824e-06 0.553441138626 6.77966989793e-05 2.57796685218e-11 0.446488991184
Doc #113: 8.65878794316e-19 1.0 1.48761219711e-19 2.81370965076e-20 1.87500287459e-18
Doc #114: 1.25400368091e-11 0.999999999947 8.87408721487e-17 2.97633732413e-11 1.04286256481e-11
Doc #115: 0.106608564917 8.49916204847e-12 0.842211092432 0.0511803426433 2.14246480218e-17
Doc #116: 4.43343144362e-05 0.282833974442 2.30855328932e-12 0.606235084052 0.11088660719
Doc #117: 1.01779266821e-18 1.53046015953e-06 6.97034781061e-15 0.99999846954 1.09677951126e-20
Doc #118: 5.34770696339e-13 0.0406071557499 0.959392843213 7.09708062284e-10 3.27306204091e-10
Doc #119: 0.742813132758 0.257186529738 8.23904630347e-10 3.36680284542e-07 1.78035311732e-15
Doc #120: 1.04275752963e-08 0.404098342772 3.46482188384e-17 0.00659203540149 0.589309611399
Doc #121: 1.88760066427e-08 2.99707427735e-13 0.834276636944 3.83872459305e-14 0.16572334418
Doc #122: 3.6754629691e-07 0.765375227791 3.21089188748e-08 0.234624292233 8.03206140035e-08
Doc #123: 5.01084054919e-20 0.963721339942 0.00377887903058 0.0324997810277 1.08810623681e-13
Doc #124: 5.50819303027e-22 0.999999802585 1.65051422977e-18 1.96444067154e-07 9.71227384855e-10
Doc #125: 9.81902673677e-11 0.999999999526 4.70695495186e-12 6.94105302728e-15 3.70949828154e-10
Doc #126: 1.33920173648e-05 7.50003635678e-08 1.79842827215e-11 0.916546869632 0.0834396633319
Doc #127: 1.26268376525e-15 0.541082328937 0.458917662371 8.50789898934e-09 1.83959141423e-10
Doc #128: 0.0149223381808 9.27558054505e-11 2.87362883251e-12 0.907327461862 0.0777501998613
Doc #129: 1.04139875002e-16 1.0 3.15740572794e-23 6.15230178734e-18 3.32024687762e-19
Doc #130: 0.0648037107343 4.28399242129e-16 0.237741564719 0.618673424593 0.0787812999539
Doc #131: 0.177253635015 0.229608198713 0.148942116718 0.24715141832 0.197044631234
Doc #132: 0.0 0.0 0.0 1.0 0.0
Doc #133: 0.0 0.0 1.0 0.0 0.0
Doc #134: 0.000125534414117 0.310234203451 0.0897429394722 0.557049416402 0.0428479062615
Doc #135: 0.0 0.0 0.0 1.0 0.0
Doc #136: 0.0 0.0 1.0 0.0 0.0
Doc #137: 1.55575397289e-05 0.310401859158 0.0512538446851 0.462024730318 0.176304008299
