Doc #0: 2.31837373098e-20 2.09886764255e-12 8.12005063188e-19 8.45611181865e-15 9.63363871552e-13 5.07283597277e-12 0.999999999992
Doc #1: 7.00592792367e-21 2.96306061439e-14 1.17678553003e-12 0.999999999988 2.58409437418e-16 4.20360269265e-13 1.07160563306e-11
Doc #2: 5.61392634746e-38 4.31181383e-25 0.965075324727 0.0349246752731 9.08704719326e-18 1.69692856299e-21 4.48384448492e-20
Doc #3: 0.000249599549727 8.95716315918e-14 7.5311363795e-09 0.0332772016539 0.791621292493 0.174851897924 8.48310290892e-10
Doc #4: 2.1256855071e-41 2.86363453925e-17 3.24477824521e-08 6.15187268077e-19 2.17872571942e-23 1.43553031779e-24 0.999999967552
Doc #5: 1.27535529219e-32 0.00120695994152 0.105055070739 8.79854906577e-05 8.15739956579e-06 0.893641826429 4.33280515272e-15
Doc #6: 5.61423514259e-20 1.89284536775e-12 0.999999969597 3.04008982843e-08 1.3181122124e-15 1.12257791643e-14 7.27953350799e-19
Doc #7: 4.21935317128e-25 4.07528601594e-15 1.02235592127e-22 2.65363943059e-24 5.6630469373e-13 1.51457044607e-10 0.999999999848
Doc #8: 9.68747965779e-21 1.25474204105e-26 1.85629761652e-06 0.999998142458 2.60948742706e-20 1.24453104931e-09 1.36888474755e-18
Doc #9: 1.01047860888e-19 3.87411482238e-16 1.0 3.15969574599e-20 2.73925435123e-17 1.02183183839e-18 6.14936780436e-15
Doc #10: 0.0924381126959 0.152801732606 0.754728060081 1.25505110474e-05 4.24317963332e-11 5.18672745e-06 1.43573360859e-05
Doc #11: 4.6399936837e-37 0.0443946813341 0.955599672652 2.37587049842e-12 1.18967249317e-07 9.9614231817e-14 5.52704390153e-06
Doc #12: 3.38987976636e-09 1.10007382387e-17 0.975478321102 0.0245216720411 3.56527837941e-14 3.46650708999e-09 4.57086060596e-20
Doc #13: 1.97806490615e-20 0.312619053964 3.22603894955e-13 2.71520588004e-10 0.624476794583 0.000223488166828 0.0626806630149
Doc #14: 2.46968217048e-38 1.0983344426e-12 3.9096698681e-13 0.999999999999 5.60821837614e-15 3.48665920425e-18 2.02177792291e-21
Doc #15: 1.18419851466e-26 0.998682570779 1.05593569882e-14 0.00131713262009 9.52338068985e-09 3.64032505759e-13 2.87077330412e-07
Doc #16: 6.5087119619e-20 1.19943295987e-07 1.15509395546e-09 1.32248022316e-10 8.33046308764e-05 7.86066157381e-12 0.999916574131
Doc #17: 1.02606348155e-11 0.999999999669 1.40579035188e-15 4.20227457548e-13 9.63034137727e-16 1.09613213808e-19 3.1998731553e-10
Doc #18: 9.90177633966e-20 3.82363205124e-20 1.25344370582e-17 1.0 1.98531430831e-20 4.02846089816e-19 2.97429730181e-18
Doc #19: 2.72273417662e-22 0.00113587445506 6.24313450846e-08 0.0293508397619 8.72997459069e-07 0.0217792101602 0.947733140194
Doc #20: 5.28326280476e-21 2.29202884787e-25 0.999999999974 2.58249735158e-11 5.68923811539e-22 3.14861845964e-15 3.09774883214e-16
Doc #21: 0.262456048414 0.0700681614692 4.53402712483e-06 0.0034584304164 0.66399932817 7.28361953348e-06 6.21388403684e-06
Doc #22: 1.94302861407e-20 1.97106129427e-10 1.1111832139e-15 6.13208902754e-13 2.12233524755e-11 0.386778028486 0.613221971295
Doc #23: 1.06058025572e-40 0.129880937387 2.42304414029e-12 0.870119062336 3.1019816015e-17 1.90094692165e-14 2.7512038696e-10
Doc #24: 0.113826853674 0.267805632176 2.63461041414e-05 2.87909717794e-10 0.549109558489 7.48675673421e-08 0.0692315344012
Doc #25: 1.21592682665e-13 2.20784111234e-07 0.133236666834 1.43629673677e-12 0.204080692824 0.662677362269 5.05728669015e-06
Doc #26: 1.28882572816e-40 0.87483344609 3.29284764304e-11 0.000672773322274 2.50092625126e-15 5.47735421984e-17 0.124493780555
Doc #27: 0.0305160780234 5.85007378898e-20 0.122853903712 0.00475037508176 2.37021870977e-06 0.841877271953 1.01119740875e-09
Doc #28: 1.19366030156e-27 1.68948372331e-10 4.7167378744e-08 1.65074244233e-11 0.0430461987844 1.84790446559e-08 0.956953735384
Doc #29: 1.67802790234e-35 0.87216232892 0.127837670255 2.21865310329e-10 8.62942936859e-15 6.77580631244e-14 6.03128789448e-10
Doc #30: 3.0359527996e-23 0.143520781837 1.32612883426e-13 0.856479218162 1.95887084485e-32 1.70628013796e-21 1.08358242596e-21
Doc #31: 1.202706825e-31 1.49909303792e-28 1.0 3.36827679757e-37 3.78800931808e-29 6.97006925988e-29 6.33996956032e-28
Doc #32: 1.00766203119e-24 3.01911624683e-08 1.12400303111e-11 6.09099386411e-11 2.94005153803e-13 2.11047030518e-06 0.999997859266
Doc #33: 0.0312485393013 1.28238346403e-12 0.288300208604 0.000656660323306 2.07093952964e-11 0.679794591749 6.71936826497e-15
Doc #34: 5.78378801216e-11 3.04494258609e-13 6.63137009251e-13 0.847651940328 2.05487598153e-13 0.152348059613 2.74647391328e-17
Doc #35: 2.7078756009e-31 7.38306036105e-09 4.21494148027e-14 9.88786463e-16 6.25343613427e-17 2.37192163536e-26 0.999999992617
Doc #36: 1.59173509121e-51 1.0 4.99136639189e-26 8.84291910306e-23 2.41210645309e-20 2.63944261073e-35 2.58173198378e-18
Doc #37: 6.56890342004e-31 1.01182169817e-09 2.41204716111e-20 7.73091993337e-15 0.999999998979 2.45840834414e-18 8.69611437324e-12
Doc #38: 2.76691924163e-17 0.0277117213433 0.918542791059 4.71719774e-09 0.0537346351205 2.6250398972e-08 1.08215096708e-05
Doc #39: 2.29843154408e-23 0.0162293393086 0.519864411317 0.000215318538246 0.190364609933 0.268465617275 0.004860703628
Doc #40: 1.44054014189e-14 5.63887039014e-05 0.585688368761 1.92247224591e-10 3.08275090888e-16 0.034858986231 0.379396256112
Doc #41: 2.53282628759e-25 3.14912529008e-31 6.38913108254e-11 1.20598340107e-21 3.70093356792e-07 0.999999629843 5.52036731907e-17
Doc #42: 2.0833883779e-31 6.03488204703e-24 1.0 7.93263287563e-16 4.01485845362e-15 1.97977219309e-13 1.02037755804e-13
Doc #43: 5.72071760181e-27 0.0863755158578 7.04621857076e-11 0.0383498475919 4.04802770468e-10 0.875274508593 1.2748206794e-07
Doc #44: 1.57210943276e-29 1.21907194095e-17 1.84836546432e-15 4.15200466422e-18 0.99999999999 9.6618011248e-12 3.83646184429e-16
Doc #45: 1.07246241496e-16 0.310390581043 1.18792918808e-05 6.75321404258e-07 0.137355175675 0.552241424482 2.64186711587e-07
Doc #46: 2.65181129635e-08 2.10551752546e-11 3.88741203963e-12 8.13667271041e-05 4.89774939162e-09 0.999918601832 3.66062681191e-13
Doc #47: 6.93090081601e-30 1.61752561687e-11 1.11796703643e-13 5.18136717538e-12 7.4076398896e-16 2.94312418513e-19 0.999999999979
Doc #48: 1.50895451896e-12 4.50935370097e-17 0.00471426040645 0.0456930606792 0.000339815924261 0.949252862969 1.91316270798e-11
Doc #49: 8.33375366093e-20 0.0673108724249 3.42371605853e-08 3.45829719521e-11 2.95678472477e-07 0.932573455004 0.000115342620509
Doc #50: 7.66092138148e-23 1.15356531574e-12 1.08188536227e-15 0.999999635838 4.25745836099e-09 3.59903034704e-07 5.91739078934e-15
Doc #51: 1.34193701421e-19 3.79442661222e-07 0.304844288671 4.93643319472e-11 0.282898612673 0.412256718949 2.13830610621e-10
Doc #52: 4.66848535539e-17 9.4480242365e-12 0.0548850038401 4.99192291364e-19 6.83259165884e-10 0.945114995467 1.11950980866e-17
Doc #53: 1.59640509931e-24 1.92795867912e-11 1.54265285865e-07 0.0621907344498 1.2875196939e-08 6.59704997399e-13 0.93780909839
Doc #54: 2.87542318049e-18 1.80448052449e-08 7.70891514101e-05 1.1392273085e-05 9.45918155308e-08 0.602212240044 0.397699165895
Doc #55: 1.14394194334e-18 8.6662480357e-12 0.127589449773 0.107609293676 0.326998836878 0.437802419664 1.09022518602e-17
Doc #56: 5.02796664929e-23 3.30645120058e-13 2.48112718119e-18 2.7566218531e-18 0.99999999998 8.09826493785e-18 1.91736746719e-11
Doc #57: 8.95872576985e-14 1.17879841834e-08 8.59183588589e-10 6.4313730436e-15 0.999999982033 4.84138205424e-09 4.78244699674e-10
Doc #58: 1.11603587633e-35 0.000458146697545 0.999541826553 1.62638275949e-13 4.98144405863e-12 8.1130955852e-15 2.6744234111e-08
Doc #59: 0.000231940793325 4.24111078885e-26 4.12414734922e-07 1.62791929153e-15 0.917585410967 0.0821822358246 9.89324517015e-18
Doc #60: 3.23913536536e-30 0.453499723846 0.074957535135 0.0984956994432 0.27592640923 0.0971206323456 2.0255156875e-14
Doc #61: 1.07497371827e-11 7.07842737169e-09 0.0579571652683 2.50776110398e-16 0.241658690856 0.22519205203 0.475192084757
Doc #62: 5.31422684788e-08 0.420462215774 0.152826416667 1.41744907904e-12 0.426711275243 3.33618175097e-08 5.80971746015e-09
Doc #63: 1.01493379545e-36 2.52543025425e-13 0.999999999974 1.72089308983e-13 7.93486006313e-20 1.3459460293e-19 2.52289926533e-11
Doc #64: 2.40144572702e-13 3.1697056047e-10 2.69721984928e-23 2.30069019244e-21 0.118753437795 3.24823855197e-08 0.881246529405
Doc #65: 3.65536394124e-08 1.47531973484e-11 0.131447968605 0.000410213818282 2.03658460638e-12 0.197011042666 0.67113073834
Doc #66: 1.88505404037e-41 1.0 6.56592647075e-22 3.50768524863e-22 2.09785006003e-22 5.17340518095e-28 1.4652289154e-18
Doc #67: 2.74071774199e-24 2.18721186063e-08 0.918394009882 0.081605967912 2.05089240602e-22 2.88021711485e-16 3.34248437986e-10
Doc #68: 9.3026846431e-21 7.11428982509e-13 0.283770330946 0.716229525241 5.85519967222e-08 4.40546769184e-22 8.52607331042e-08
Doc #69: 2.73581569602e-19 1.89611213802e-16 3.22572483745e-12 0.999999999946 2.18936655865e-16 3.70982293491e-16 5.08610275212e-11
Doc #70: 1.12374675849e-27 0.313173925886 2.10086115734e-11 1.60847368442e-07 1.43590066933e-05 0.686809088538 2.46570104676e-06
Doc #71: 0.923144798521 4.97202229178e-08 6.64808505156e-09 7.21188985375e-07 0.00647634278846 2.28734503622e-07 0.0703778523984
Doc #72: 1.31632792918e-10 0.0948844784449 2.80196875738e-18 3.21423446015e-14 9.52009485212e-10 3.59806583978e-05 0.905079539813
Doc #73: 2.08961726669e-13 0.136976438793 6.47219149604e-14 0.192219597706 0.422190791796 0.248613171693 1.27896743215e-11
Doc #74: 5.49782354508e-10 8.4289304029e-31 0.306181234785 1.69329735542e-14 4.53559212753e-05 0.693773408744 1.28241114752e-20
Doc #75: 1.102840176e-17 4.69900382105e-19 1.81042487322e-06 5.29474885471e-21 2.65900202518e-10 0.999467024161 0.000531165148375
Doc #76: 7.9995146629e-14 0.107038975129 2.44311033197e-10 0.000205365866998 1.09025538393e-11 0.88748336257 0.0052722961793
Doc #77: 1.87292390265e-19 0.0158776613885 0.000465155055139 3.74267970217e-12 0.98308187191 1.17645961771e-08 0.000575299877597
Doc #78: 2.62929774412e-16 1.25051676991e-10 2.39924125012e-06 1.55066789968e-09 0.00154511294652 0.989096848436 0.00935563770084
Doc #79: 3.12886707165e-21 0.222091789678 1.65695787889e-09 4.70510739109e-13 0.727582970239 8.80618791033e-06 0.0503164322375
Doc #80: 1.11419498867e-20 7.29156125038e-15 0.999999981175 1.88247871668e-08 1.18526050578e-17 6.37012657189e-16 4.44218425178e-20
Doc #81: 6.52612821787e-25 1.12783130411e-08 0.546079669278 1.74269772461e-17 7.46409519583e-12 0.453920319435 4.93365011369e-13
Doc #82: 0.00260314216916 5.88997462374e-12 0.338805101309 3.55832733505e-08 0.131792512055 1.82410623348e-07 0.526799026467
Doc #83: 2.35017460942e-22 2.92959270961e-25 3.74158773245e-11 0.999999999561 4.68868547353e-20 4.01439334748e-10 1.40438864397e-18
Doc #84: 3.66960556731e-16 0.745354298928 1.34285859024e-07 0.163908579273 0.00249502213421 0.088241955566 9.81309065882e-09
Doc #85: 1.41978120938e-11 0.065008177867 0.141841369709 5.86736964368e-17 0.181769895669 0.159690654031 0.45168990271
Doc #86: 5.05394968976e-29 4.219627213e-09 5.80129576724e-17 1.98838164143e-17 2.14470311039e-09 2.61787783905e-25 0.999999993636
Doc #87: 6.67273316057e-23 9.41219603501e-12 0.901839145134 4.1310149556e-10 1.15500412441e-10 1.41790962862e-12 0.0981608543264
Doc #88: 2.42427818204e-31 1.61802912736e-31 1.16740036143e-19 3.67490623967e-31 1.90104598874e-15 1.0 2.37813555338e-20
Doc #89: 1.140980449e-11 1.10819625566e-09 3.99412663253e-11 0.800284916986 3.23165921952e-08 0.0618759027066 0.137839146832
Doc #90: 0.0468202057683 0.569813467054 4.06675814798e-08 0.383207739541 8.37952335835e-16 2.18006185394e-07 0.00015832896267
Doc #91: 0.999999999998 5.9472398974e-23 1.77128165271e-12 8.8512511575e-16 1.17449101925e-21 3.75207823479e-22 4.50037573913e-18
Doc #92: 1.69244714792e-26 0.143252761513 0.0160623768942 1.1282917219e-06 0.0615370586035 0.2149010468 0.564245627898
Doc #93: 3.19690739446e-34 0.00387138881731 9.92011594265e-15 0.992532261158 2.2012496657e-13 2.1918473086e-13 0.00359635002422
Doc #94: 6.44996116141e-26 1.42640193825e-13 5.71388455834e-17 0.999999999235 1.68257549261e-21 5.71641715975e-19 7.6460579789e-10
Doc #95: 0.0409692717867 1.75031051902e-06 0.241986743173 0.717023012018 5.56881870058e-10 1.92161478436e-05 6.00788425283e-09
Doc #96: 1.48152031535e-17 1.61467061511e-07 0.00148900689539 0.986341679744 0.000527971495261 1.39380131314e-08 0.0116411664608
Doc #97: 1.39005353017e-12 6.57948283005e-06 5.06111417728e-06 8.72249980962e-21 0.71398168146 0.045466227925 0.240540450016
Doc #98: 3.23643397387e-46 0.999999541698 9.55511080228e-12 2.3884415084e-11 2.13502439253e-07 6.73268265308e-17 2.44765939379e-07
Doc #99: 1.12924946396e-19 4.85312568198e-09 6.86757841699e-06 0.302476115786 6.83499695666e-06 0.268414122603 0.429096054183
Doc #100: 2.09536344746e-09 0.000429657187127 1.61284253793e-07 1.75269724277e-19 0.115214667226 0.779077843418 0.105277668789
Doc #101: 3.13280894234e-20 5.18185565061e-07 4.56863068805e-09 2.80848224064e-15 0.999829184833 0.000170292412894 4.39989828102e-15
Doc #102: 1.10244251585e-23 0.0051402673078 4.40897205406e-11 0.404218198434 2.42212550569e-17 1.87972321498e-12 0.590641534212
Doc #103: 6.39061617014e-34 1.0 3.67615316472e-19 1.15794197399e-15 6.06845555485e-26 9.85931217567e-16 1.98728932086e-15
Doc #104: 7.66581908325e-18 2.19950834751e-18 1.22257300091e-12 2.48373285592e-17 2.77143781357e-05 4.33856618926e-07 0.999971851764
Doc #105: 1.8246355321e-18 0.626507191081 0.15260046943 0.0698398145023 0.151051859239 6.65259369301e-07 4.87942488082e-10
Doc #106: 2.22905395261e-19 3.42790981842e-08 1.38222945479e-19 6.27153758126e-18 1.6176748156e-19 1.36392616774e-18 0.999999965721
Doc #107: 7.08100738355e-13 0.999632665652 1.06238494103e-18 9.80607017841e-17 1.60015192248e-07 0.000367163963397 1.03688645695e-08
Doc #108: 5.12355693271e-18 0.0838669655211 0.393525503725 4.57265779811e-16 4.45524267455e-05 0.522562978251 7.58835613578e-11
Doc #109: 0.0153077954988 2.12505097541e-22 0.872782884214 9.5714207959e-20 0.110881621071 0.0010276992169 7.59534623306e-14
Doc #110: 9.26145333517e-31 2.04587802848e-08 1.61446835374e-09 0.999999977885 2.90746231893e-13 1.26854524854e-21 4.11427537832e-11
Doc #111: 1.86828770195e-08 6.42429809399e-21 0.0146089064602 0.00171138066079 0.530960642701 0.45271904921 2.28518439498e-09
Doc #112: 1.71487880434e-27 0.966932210918 0.0330230073902 1.33720945287e-06 1.69809983565e-14 2.64970163587e-08 4.34179850694e-05
Doc #113: 0.999999999925 1.2551179743e-26 1.15540948788e-18 7.50246366413e-11 5.36012071709e-25 7.69667871249e-19 2.37652359124e-20
Doc #114: 5.80435709334e-12 2.51988476649e-28 1.61926870804e-10 1.39774003286e-15 0.449558248952 0.550441750863 1.80422148565e-11
Doc #115: 1.75463374825e-14 0.971215551572 9.95818252912e-11 3.80118632687e-13 1.92482209818e-14 0.0287844481289 1.99270171577e-10
Doc #116: 6.27919139075e-20 4.55351324802e-14 1.9671103409e-17 4.08003947134e-19 9.90158210795e-10 0.999999992231 6.77864032058e-09
Doc #117: 1.0 3.72244829853e-21 8.66737412326e-21 5.1618337981e-16 2.95444710893e-26 3.16738645614e-15 5.62251080782e-19
Doc #118: 6.31492148415e-10 2.87652611101e-09 1.90954193503e-05 0.455678678103 0.544300375648 1.84732217606e-06 5.16121153743e-15
Doc #119: 4.72945976277e-09 8.50728294008e-19 9.62897510433e-21 1.33062463888e-18 3.34648342368e-07 0.999999660622 4.50920295139e-13
Doc #120: 1.56631839901e-12 5.38283404673e-17 3.43934788317e-18 1.86008180592e-16 0.000681754199435 0.999318218015 2.77841114501e-08
Doc #121: 2.32672974117e-19 0.000287462148225 0.279187913968 0.0548671385155 0.665633805623 8.95956766651e-08 2.35901496055e-05
Doc #122: 4.50062443295e-19 1.41936795449e-11 5.79905020766e-10 0.0351395431285 2.57977754991e-12 0.964860456275 1.57069016162e-15
Doc #123: 1.80929655411e-20 4.3732093578e-23 2.82536321163e-12 5.79062151806e-05 0.999942090867 2.9149000036e-09 1.45466333962e-14
Doc #124: 5.11287910313e-16 9.62766644698e-30 6.0494772486e-18 2.06152983494e-13 8.42384020776e-16 1.0 1.55440288802e-25
Doc #125: 5.00422390225e-05 0.379452560874 8.67352716675e-14 0.620385062598 5.59300590766e-07 0.000111774988185 5.57099474697e-13
Doc #126: 6.44559190923e-25 5.17634367732e-12 1.96469444362e-09 1.78163913731e-22 1.00789157366e-08 0.999999987932 1.9699156155e-11
Doc #127: 7.36887904387e-21 0.249245589936 0.000117495557383 0.546932765029 0.0914347303318 0.000115763705354 0.11215365544
Doc #128: 2.4949178247e-08 0.290543273916 0.490845096298 4.47602371837e-12 0.217850568636 0.000747865082764 1.31711129589e-05
Doc #129: 1.0 9.40418165232e-23 6.24546611693e-20 2.0426839826e-20 1.22335279138e-19 1.21074582335e-14 3.00962574775e-19
Doc #130: 4.36862046624e-31 0.99802784856 0.0011420845633 0.000830066874 1.460904106e-20 1.00984668628e-15 2.72020369216e-12
Doc #131: 0.0323889074392 0.148919874492 0.176102462866 0.139181346213 0.164921966128 0.191632709187 0.146852733675
Doc #132: 0.0 0.0 0.0 0.0 0.0 0.0 1.0
Doc #133: 1.0 0.0 0.0 0.0 0.0 0.0 0.0
Doc #134: 0.0861223612711 3.5659271246e-06 4.38897084402e-07 0.130287215391 0.123549922919 7.4342315164e-07 0.660035752172
Doc #135: 0.0 0.0 0.0 0.0 0.0 0.0 1.0
Doc #136: 1.0 0.0 0.0 0.0 0.0 0.0 0.0
Doc #137: 0.0817736386492 6.65657172475e-06 7.74940530899e-11 0.126406420434 0.271324270896 0.0763310393018 0.44415797407
Doc #138: 0.0 0.0 0.0 0.0 0.0 0.0 1.0
Doc #139: 1.0 0.0 0.0 0.0 0.0 0.0 0.0
Doc #140: 0.0572682626885 0.0723673065011 3.42140596105e-11 0.171181057161 0.245273104363 9.25290386961e-11 0.45391026916
Doc #141: 0.0 0.0 0.0 0.0 0.0 0.0 1.0
Doc #142: 1.0 0.0 0.0 0.0 0.0 0.0 0.0
Doc #143: 0.0444382612606 0.0705598178147 2.38546164301e-09 0.228083364554 0.225169235132 0.153030271585 0.278719047268
