Doc #0: 0.155967577833 1.60613217804e-05 1.52591063788e-06 0.844014834934
Doc #1: 1.96868447626e-12 9.32225569079e-05 0.999877269276 2.95081649385e-05
Doc #2: 0.999999999751 2.49206060442e-10 1.35197639243e-16 7.11973968289e-18
Doc #3: 4.55273284587e-05 0.475302521178 0.379695409146 0.144956542347
Doc #4: 8.60183618655e-10 2.24652573448e-18 0.99999999914 5.13915147451e-15
Doc #5: 0.546730696633 0.144550266815 0.308719036551 5.25031162494e-15
Doc #6: 1.19751511637e-13 0.999997383521 2.61646420625e-06 1.46135674575e-11
Doc #7: 0.0667595521326 1.21932577998e-10 1.088476529e-10 0.933240447637
Doc #8: 0.998520022549 1.91776450635e-11 0.00147989648369 8.09483564427e-08
Doc #9: 1.28089460093e-14 6.77868885336e-10 5.47012508249e-05 0.999945298071
Doc #10: 1.94187882936e-08 0.546137090879 0.0487331220949 0.405129767607
Doc #11: 0.36300365735 4.06647007187e-06 1.1772443079e-08 0.636992264407
Doc #12: 9.47920453284e-20 0.999999995831 3.10879584141e-10 3.85825749537e-09
Doc #13: 1.12190941327e-15 5.07575753874e-14 0.594744620949 0.405255379051
Doc #14: 1.92921645404e-11 0.000237383352764 0.999762616579 4.91112688257e-11
Doc #15: 0.964291581555 0.0356377122114 2.27962809209e-05 4.79099529117e-05
Doc #16: 0.177706719426 0.0254802198388 6.17201678051e-11 0.796813060673
Doc #17: 0.999981801143 3.1603162874e-12 1.81988298592e-05 2.44518742849e-11
Doc #18: 1.52939627892e-17 1.2633074664e-14 7.99075503827e-07 0.999999200924
Doc #19: 0.729930330486 0.0122458930899 0.120487051387 0.137336725038
Doc #20: 0.636984244289 0.182934688913 0.146341976284 0.0337390905134
Doc #21: 1.14180550154e-08 0.559676932382 0.440322877102 1.79098167612e-07
Doc #22: 4.81627055408e-06 0.483793360588 0.0931268484212 0.42307497472
Doc #23: 0.447815737573 0.0266254623187 0.525558800108 4.85152196921e-15
Doc #24: 0.58298256427 0.0802575049656 0.172292660877 0.164467269888
Doc #25: 0.180939743611 0.0511829739403 0.691884919209 0.0759923632398
Doc #26: 0.999881426271 4.32959964082e-25 1.85835656268e-13 0.000118573729
Doc #27: 4.78871789102e-20 0.999996245982 3.75401766133e-06 1.40957262248e-13
Doc #28: 0.188133602086 0.0479356102343 1.14503788139e-09 0.763930786535
Doc #29: 0.58721210657 0.412377498881 0.000401198106366 9.19644280022e-06
Doc #30: 0.127403063955 1.13130416363e-13 1.55653461541e-08 0.872596920479
Doc #31: 0.999999999195 1.57935478426e-13 8.05236650234e-10 1.34607415441e-20
Doc #32: 0.185123320238 1.79096297966e-06 0.814650007499 0.000224881299351
Doc #33: 3.84348169332e-18 9.47871377563e-09 0.999999990489 3.22341765723e-11
Doc #34: 1.58980296291e-20 0.999655242623 0.000344757376954 7.27368551846e-15
Doc #35: 1.1077115466e-10 9.93936165155e-11 1.69028547691e-14 0.99999999979
Doc #36: 0.999999985805 1.21952251902e-10 1.4071563188e-08 1.08180299818e-12
Doc #37: 2.66880582951e-11 0.999999999967 1.08599961566e-12 5.40684991947e-12
Doc #38: 0.0312963481713 0.959532506325 0.00693754572435 0.00223359977919
Doc #39: 0.315676297512 0.585624182626 0.096154523847 0.00254499601501
Doc #40: 0.34863279392 0.420531241258 0.178135936114 0.0527000287087
Doc #41: 9.49568506558e-14 0.988021704224 0.000181904214079 0.011796391562
Doc #42: 0.648878462995 0.351121531497 5.50731627656e-09 3.3473981911e-19
Doc #43: 0.115366227378 0.884633771665 1.49600462287e-10 8.07322381727e-10
Doc #44: 1.78837602939e-12 0.999999999757 2.59513864036e-15 2.41303892996e-10
Doc #45: 0.403695320163 1.03702418512e-07 0.269911568739 0.326393007395
Doc #46: 4.6864999695e-10 0.180591228479 0.347498199913 0.471910571139
Doc #47: 6.71083062125e-13 6.29013495416e-10 2.3229855573e-10 0.999999999138
Doc #48: 9.21772902777e-05 0.573978814395 0.000425071786765 0.425503936528
Doc #49: 7.93818412321e-14 1.35929609571e-11 3.80710772642e-08 0.999999961915
Doc #50: 0.0638455035667 0.313200259742 0.0835013689704 0.539452867721
Doc #51: 0.388589908365 0.156469502784 0.45493907587 1.51298147319e-06
Doc #52: 4.55285459708e-05 4.33627847314e-06 0.647464829091 0.352485306085
Doc #53: 3.25407884619e-06 3.28365499486e-06 0.999993462266 3.64435182342e-13
Doc #54: 0.0224973952289 0.000760476736638 0.051401160913 0.925340967122
Doc #55: 9.32568153335e-15 0.51187735003 0.488122458884 1.91086304705e-07
Doc #56: 0.999999992253 7.65532980379e-16 7.68999208792e-09 5.66583561875e-11
Doc #57: 0.929823805093 2.88007124731e-06 0.0664535241533 0.00371979068201
Doc #58: 2.06300792951e-05 8.8752083503e-10 0.999979368912 1.21407036336e-10
Doc #59: 2.59050968693e-13 0.905842414952 0.0941575850368 1.0760238312e-11
Doc #60: 0.0384306409272 0.799204187011 0.162365030593 1.41468421845e-07
Doc #61: 9.01828997075e-05 1.68493874792e-06 0.016537876754 0.983370255408
Doc #62: 0.361127153152 2.67688277766e-08 0.239139001017 0.399733819063
Doc #63: 6.67315866019e-10 0.954189836195 2.14864787854e-09 0.0458101609887
Doc #64: 9.57647041232e-14 3.48147714764e-06 0.999994139446 2.37907705087e-06
Doc #65: 9.19331125841e-23 4.94408874444e-12 0.999999999863 1.31695663744e-10
Doc #66: 0.805958548595 0.194041449887 3.47018927131e-12 1.5145178175e-09
Doc #67: 0.621376110114 0.378616115288 2.76192099898e-06 5.01267677665e-06
Doc #68: 0.0298918437476 2.88905800034e-05 0.970077972119 1.29355364164e-06
Doc #69: 0.938353566942 2.16193917828e-06 0.0616442709919 1.26519328934e-10
Doc #70: 5.24358975517e-06 0.00619812783868 0.0630226042556 0.930774024316
Doc #71: 4.07767299823e-15 0.0589159238541 0.94108402591 5.02360113482e-08
Doc #72: 0.00130402965774 1.41446285852e-13 0.0423708806255 0.956325089717
Doc #73: 2.77538033435e-20 3.95735416705e-13 0.999890167783 0.000109832216847
Doc #74: 6.53857467287e-20 0.999999999998 1.25768499203e-16 1.58331719717e-12
Doc #75: 7.02561179549e-07 0.500919598239 0.461148971779 0.0379307274208
Doc #76: 8.55582858136e-09 1.44468161233e-12 0.999996403578 3.58786508328e-06
Doc #77: 4.05508316656e-10 0.480359669468 1.22706588629e-08 0.519640317856
Doc #78: 5.08832267765e-05 0.0404094829333 0.000851227133309 0.958688406707
Doc #79: 7.83479497875e-08 9.58509066273e-18 2.1798204787e-06 0.999997741832
Doc #80: 0.999905499789 3.16754504864e-06 9.133266485e-05 1.09004063848e-12
Doc #81: 4.8440263394e-08 0.220081414919 3.79217148321e-11 0.779918536603
Doc #82: 0.000565342753062 3.06927473389e-18 0.409430925746 0.590003731501
Doc #83: 0.570581072387 9.59302865701e-20 0.429418615927 3.11686024374e-07
Doc #84: 2.67933067716e-11 1.14990238501e-07 0.184008132926 0.815991752057
Doc #85: 1.3364908503e-05 5.37910644287e-07 9.74530189668e-05 0.999888644162
Doc #86: 2.55457144762e-07 4.6336714651e-16 0.0727885530731 0.92721119147
Doc #87: 4.80446562388e-17 0.495237985014 0.48371032821 0.0210516867753
Doc #88: 2.45159396552e-18 0.999999637008 3.61695236003e-07 1.29716542406e-09
Doc #89: 1.51913761673e-21 0.0108197520528 0.000123966786044 0.989056281161
Doc #90: 0.0170271549846 3.52384786877e-07 0.489842772088 0.493129720543
Doc #91: 1.11168244977e-23 2.5187787027e-16 1.0 4.88768959698e-15
Doc #92: 0.0245312747576 0.00220461552194 2.2058573945e-11 0.973264109698
Doc #93: 0.999999991711 7.15983451204e-13 8.57054950145e-12 8.27946293387e-09
Doc #94: 0.0853411950433 2.97949088957e-15 0.217697125336 0.696961679621
Doc #95: 0.938914927064 4.95572082182e-06 1.9858883111e-05 0.0610602583319
Doc #96: 0.999999966539 6.1956160559e-13 3.28018007879e-08 6.5862555809e-10
Doc #97: 1.6715822478e-06 2.57289611413e-10 0.0331616251691 0.966836702991
Doc #98: 0.24601699168 2.9936953435e-19 8.52470340498e-08 0.753982923073
Doc #99: 0.658232967455 1.71743495157e-06 0.0919117635244 0.249853551585
Doc #100: 5.97772544811e-07 0.0119327453967 3.12926009478e-05 0.98803536423
Doc #101: 2.60702185496e-13 0.151898906738 0.100137061366 0.747964031895
Doc #102: 1.87341996337e-11 0.999802097416 0.000197902565437 3.73200376814e-17
Doc #103: 2.40323828212e-08 0.99999997589 1.09578370001e-11 6.68626532112e-11
Doc #104: 2.678715525e-06 0.921124137258 0.0788662326786 6.95134760674e-06
Doc #105: 0.347089732952 0.0781087305577 0.530460582389 0.0443409541016
Doc #106: 3.03307040094e-13 7.2074671146e-09 1.4331279933e-11 0.999999992778
Doc #107: 3.76369308273e-09 1.26200688316e-07 0.125793256601 0.874206613435
Doc #108: 5.038834952e-10 1.39977727482e-13 0.999999999496 1.99012150353e-17
Doc #109: 0.136851683382 0.677970655852 0.000415586078582 0.184762074687
Doc #110: 0.999992000559 1.48978704031e-06 6.49485809776e-06 1.47957818383e-08
Doc #111: 0.283999404967 1.9984653235e-07 0.715944551764 5.5843422813e-05
Doc #112: 1.4677252876e-12 4.97879916336e-19 1.06481096751e-11 0.999999999988
Doc #113: 6.31888465624e-23 6.04579136933e-14 0.999999345486 6.54513548294e-07
Doc #114: 9.58049736001e-05 0.273889786721 0.56628034063 0.159734067675
Doc #115: 1.11130708579e-17 1.19144771321e-17 0.550482566021 0.449517433979
Doc #116: 1.71322306119e-05 0.000640415798719 0.215017475626 0.784324976344
Doc #117: 3.57556348214e-27 8.44200297543e-11 0.999999999916 1.83723140479e-18
Doc #118: 2.2096297824e-19 0.978776316916 1.35654155044e-12 0.0212236830824
Doc #119: 1.97751453456e-10 1.05972914797e-17 0.999999824067 1.75734771017e-07
Doc #120: 0.000427667320252 0.000623206785822 0.230234223578 0.768714902316
Doc #121: 1.72063411884e-12 0.634968292686 0.365031465738 2.41573840222e-07
Doc #122: 1.54523607729e-08 0.121475305331 0.263491792371 0.615032886846
Doc #123: 1.3451791693e-20 1.0 3.59341446888e-13 6.65376798419e-16
Doc #124: 1.34758556124e-19 1.0 3.68079016646e-20 3.71854505021e-20
Doc #125: 3.62629257411e-16 0.0786446297417 0.191600472702 0.729754897557
Doc #126: 4.84739494242e-11 3.11399679472e-17 0.999999999836 1.15945597379e-10
Doc #127: 5.07129334705e-12 0.633903672866 0.366096327024 1.04554392744e-10
Doc #128: 3.4024407597e-07 2.42150236918e-09 0.00428650814591 0.995713149189
Doc #129: 4.46767777685e-21 0.0060729779938 0.993927004458 1.75477448838e-08
Doc #130: 3.59365431707e-08 0.999997406757 2.05119741204e-15 2.5573065434e-06
Doc #131: 0.221124316874 0.270149398996 0.203348767796 0.305377516334
Doc #132: 0.0 0.0 6.28721782311e-30 1.0
Doc #133: 1.0 0.0 0.0 0.0
Doc #134: 0.213681397765 3.19048244516e-09 0.294755430981 0.491563168063
Doc #135: 0.0 0.0 1.21359480284e-29 1.0
Doc #136: 1.0 0.0 0.0 0.0
Doc #137: 0.149957008255 4.56818699025e-11 0.655887914964 0.194155076735
