Doc #0: 1.32161694987e-10 3.45291427361e-15 0.998840402886 9.42304966661e-11 0.00112433765731 3.52592299367e-05
Doc #1: 0.00232077052114 4.43092139051e-07 3.61208070861e-05 2.14112266875e-06 0.997640524181 2.76069077433e-10
Doc #2: 7.30785459934e-24 2.30839300169e-26 6.7226276416e-20 1.0 1.42244307086e-23 2.92250327507e-23
Doc #3: 2.54398497213e-08 1.13995380507e-09 0.424076240203 0.12198250888 6.02263700733e-08 0.453941164111
Doc #4: 2.4494415565e-12 2.54906994553e-21 4.32166388834e-25 0.999999999997 7.21436446293e-14 3.27837610604e-19
Doc #5: 4.1119493493e-05 0.915356459895 8.49975780363e-12 0.084602392812 3.16337506025e-10 2.74749957941e-08
Doc #6: 3.24920809546e-06 1.08177936301e-06 0.999991004838 9.16861884424e-09 1.37662249222e-15 4.65500586798e-06
Doc #7: 1.2843743212e-14 9.85178725098e-25 0.981688294671 3.24592771958e-09 0.0181773418629 0.000134360219659
Doc #8: 2.01783079923e-17 8.59698271017e-22 7.38473830544e-08 0.999342490607 3.75385618545e-16 0.000657435545134
Doc #9: 3.78750190457e-06 3.97843635676e-10 1.82210821002e-13 1.82691445402e-08 0.97433747704 0.0256587167906
Doc #10: 0.241243426524 0.242347797487 4.63896354336e-05 1.87851987639e-08 0.27528244699 0.241079920578
Doc #11: 5.85308750472e-05 1.74815368724e-19 0.498289893838 1.1089954267e-13 0.501651569569 5.71821260056e-09
Doc #12: 1.86329163996e-10 0.999999999139 6.08961557916e-10 2.42028194754e-22 5.19554098813e-17 6.59014175347e-11
Doc #13: 4.53275721909e-17 3.02826791763e-23 4.72622722757e-16 4.10481478968e-11 0.999989951619 1.00483395683e-05
Doc #14: 2.29696625954e-09 0.999999997623 1.82634325579e-14 5.11810100752e-11 1.2889682388e-16 2.90439178434e-11
Doc #15: 0.989850758997 5.60316386961e-10 0.0101389628498 2.6364029302e-08 1.91572395039e-07 1.00596559318e-05
Doc #16: 1.23993841264e-06 9.39437834844e-19 6.10783772622e-15 2.56714440988e-14 0.999998752895 7.16619954665e-09
Doc #17: 0.999932780935 9.37516913451e-23 1.66291542702e-07 6.40927274213e-09 6.70463638789e-05 2.07425829439e-13
Doc #18: 0.999999999999 3.26616078422e-21 8.70463615589e-15 1.5651582596e-18 5.66546289557e-13 8.10477087355e-14
Doc #19: 6.82383414725e-10 7.83065767467e-13 8.52259049151e-13 6.35532782467e-14 0.999999998503 8.1317583929e-10
Doc #20: 0.999846671932 5.28766860243e-18 0.000153257734385 6.45259680897e-08 2.85888885084e-09 2.94842720093e-09
Doc #21: 1.48685947623e-12 5.52212483678e-13 0.999999880096 1.46115349429e-18 5.40010607077e-13 1.19901267524e-07
Doc #22: 0.466571543501 1.19773644756e-26 4.59150127888e-12 0.0588601549404 0.317661307825 0.156906993729
Doc #23: 0.998751029149 2.13921910714e-12 2.05859010644e-18 0.00124897029905 5.49865391328e-10 2.30324136493e-13
Doc #24: 0.292451143676 1.72936641045e-07 1.40012495461e-07 4.24247058114e-12 1.4404856477e-07 0.707548399322
Doc #25: 0.1165106672 0.0603393047456 0.18578541839 5.56373970938e-07 0.560961704789 0.0764023485013
Doc #26: 0.759321763096 3.06448008777e-26 8.68493719207e-20 1.76655849828e-21 0.240678236902 1.91103376788e-12
Doc #27: 0.850453531899 0.00500552625962 0.129757990388 3.80125671975e-11 2.15203332077e-12 0.014782951413
Doc #28: 2.31077046526e-15 1.31368523305e-15 1.17334116129e-07 1.72910933981e-13 0.999999882663 2.25664789802e-12
Doc #29: 0.00778262186602 0.00173254938169 3.62503567194e-15 0.990484828752 3.72083539273e-19 1.53759302775e-15
Doc #30: 0.999999996937 2.63633369013e-21 1.92229443588e-22 3.06283540257e-09 4.90855784292e-21 3.24057998352e-26
Doc #31: 2.2579161203e-25 1.0 8.54566164714e-22 1.54130602471e-28 7.82889037106e-28 1.4435568629e-18
Doc #32: 0.999965082441 5.62302419018e-23 4.59586571824e-12 1.18084262967e-16 4.47015842907e-09 3.49130838309e-05
Doc #33: 4.83887569261e-06 0.123921813625 0.654480984256 7.48115205324e-12 8.21668328945e-06 0.221584146553
Doc #34: 5.24721146923e-05 0.999947527112 7.72790297081e-10 4.12533805527e-14 1.3166692541e-16 8.56087822107e-14
Doc #35: 0.000154886864628 8.12248432279e-06 4.31727820394e-05 0.000182347740237 0.144934474664 0.854676995465
Doc #36: 0.999997956205 4.74607511691e-15 9.01376683666e-19 9.43675862308e-13 2.04379301947e-06 9.15435645995e-13
Doc #37: 5.94764918333e-13 1.81638586084e-26 0.999999999999 2.5567310368e-14 8.03999205516e-16 4.89926373569e-18
Doc #38: 0.350819150449 0.000427316627406 1.64204918898e-06 0.232041946696 0.270394728649 0.146315215529
Doc #39: 0.130650233793 0.447228040125 0.288854342515 0.132371617675 7.20200898218e-09 0.00089575868989
Doc #40: 2.04384876655e-12 5.21781485992e-23 5.04295014757e-22 0.999999999998 5.80931262093e-20 3.29270844467e-16
Doc #41: 1.34424119078e-18 4.9478069091e-26 0.0118836515786 3.77507762241e-13 0.00220324815648 0.985913100265
Doc #42: 1.67380658927e-12 6.3387129983e-18 1.5083321784e-14 0.999999999979 1.89870494186e-11 1.41524372571e-16
Doc #43: 1.85184401535e-05 3.10657308606e-19 9.14200221766e-19 0.99998148156 2.9114617152e-13 4.71071513163e-18
Doc #44: 3.31176959009e-18 1.65501988066e-28 1.0 3.36326515076e-20 2.85218746041e-19 1.28220506088e-19
Doc #45: 0.19824921869 3.53385362105e-26 0.0881464753881 8.32176686937e-08 0.562458301741 0.151145920963
Doc #46: 5.03516271717e-06 3.53684080794e-13 0.0271673747765 4.14895238215e-07 1.31906360537e-11 0.972827175152
Doc #47: 1.46540384896e-06 3.26461733448e-11 0.0103391472376 2.41547883042e-09 0.035432198752 0.954227186158
Doc #48: 4.18222915342e-06 0.159646613052 1.05220569689e-05 0.840136735355 1.09322693796e-06 0.000200854079975
Doc #49: 6.94276286039e-10 0.847743919314 6.30228329371e-13 1.97010858085e-10 0.152254621114 1.45867977204e-06
Doc #50: 0.202605137967 1.28311616747e-18 3.82553004625e-20 0.265198337709 0.532196523795 5.28177402993e-10
Doc #51: 0.460487744334 5.589520335e-19 0.33894033763 4.52509442233e-05 3.23933212868e-09 0.200526663852
Doc #52: 1.09654869401e-17 8.53972135746e-17 5.65900969474e-11 9.44424240422e-05 0.000895686276992 0.999009871242
Doc #53: 0.0286513009228 8.79595328551e-10 6.4003414369e-06 4.15732122079e-11 0.971342297797 1.73367132766e-11
Doc #54: 8.30939845987e-12 5.55360187764e-23 6.64348186919e-10 6.30230137876e-06 0.999993686428 1.05975556117e-08
Doc #55: 0.178512752013 5.30295217399e-18 0.726115558761 0.0953716735522 4.55274611827e-12 1.56694806698e-08
Doc #56: 2.40043933427e-18 5.49309784075e-24 4.05121695328e-24 6.48636023669e-15 3.96706723285e-17 1.0
Doc #57: 3.59833548954e-08 1.14238467529e-07 1.08495738163e-08 2.11468465253e-08 0.0244156317716 0.97558418601
Doc #58: 8.1610872328e-11 2.65401491777e-11 7.29245549862e-19 0.999999999892 3.37902521073e-19 3.87555152318e-14
Doc #59: 5.23645569103e-23 1.57526045484e-28 0.999999999974 2.41969433914e-31 3.45476396176e-16 2.56377387561e-11
Doc #60: 0.297709604184 0.374939305718 0.109180320181 0.00176690124878 0.21640386852 1.47707292233e-10
Doc #61: 3.34812842278e-12 6.5291909444e-22 0.000452479606198 9.56153301561e-13 0.99793741078 0.00161010960952
Doc #62: 0.000183290139795 9.10662560991e-11 1.39218398826e-15 5.43012608179e-05 0.544067121917 0.455695286591
Doc #63: 1.20976545774e-16 0.999999994219 6.12301322077e-15 5.78069006368e-09 8.44256660689e-20 5.8702093871e-16
Doc #64: 1.14761219995e-17 1.19761175646e-21 0.273067938056 5.80076740523e-12 1.58978054809e-08 0.726932046041
Doc #65: 7.89501078615e-08 1.11221204094e-14 1.05030363859e-07 2.53876006635e-12 0.999999816017 2.2472282196e-13
Doc #66: 0.915278013128 0.00154513434682 9.9253472983e-17 0.0831741917349 2.66079058415e-06 2.1504615504e-18
Doc #67: 0.710062133765 0.241456214402 0.00013224170185 1.63681043715e-09 0.0483493334615 7.50321553964e-08
Doc #68: 0.999986686781 2.64891469159e-14 1.31720159271e-05 1.03672900644e-09 1.40158800273e-07 7.78819991068e-12
Doc #69: 0.999999999977 1.05609700305e-23 2.71088714672e-15 2.70921943352e-17 2.66494085419e-14 2.28767818637e-11
Doc #70: 1.40873554415e-05 7.55346697278e-13 1.6118987375e-05 0.602448653682 0.34529711528 0.0522240246944
Doc #71: 1.32285184597e-09 2.51719793339e-14 0.000421001695255 0.238459531887 0.00189853410093 0.759220930994
Doc #72: 3.22718034913e-14 4.28788352317e-23 3.18678103038e-22 6.36826545614e-12 4.75720229568e-13 0.999999999993
Doc #73: 9.66058728431e-16 0.00604929056166 2.47654402715e-21 7.98172233009e-12 0.0223723315498 0.971578377881
Doc #74: 1.71238571396e-25 1.13001983962e-36 1.0 1.21225108602e-29 4.99044431769e-20 4.20280690373e-17
Doc #75: 3.87609012308e-16 1.01979556395e-19 0.0812509972077 3.04266499496e-08 0.410919725226 0.50782924714
Doc #76: 8.37316220709e-07 0.059402879141 1.15809719609e-15 0.000199456430826 0.924528098664 0.0158687284477
Doc #77: 9.85123719784e-14 2.35800921916e-18 1.69193742281e-06 5.02206621053e-17 0.999996773074 1.53498848451e-06
Doc #78: 8.75016525919e-11 3.77020467915e-16 1.98787933799e-09 1.36730756166e-08 0.939863390695 0.0601365935561
Doc #79: 8.67752347588e-19 3.04312808864e-16 3.59066619708e-18 0.110215930029 0.828408869873 0.0613752000976
Doc #80: 2.30463778333e-16 1.71622495139e-20 1.87508678378e-11 0.999999999981 2.18330541043e-20 5.01237944663e-17
Doc #81: 3.37714878256e-10 8.9045682205e-16 0.485238824826 6.65158323805e-16 0.514761172008 2.8283595131e-09
Doc #82: 4.26815578561e-15 1.6557143603e-14 7.89443764636e-08 0.00537832967199 4.64866472836e-07 0.994621126517
Doc #83: 0.997134888609 2.74874712994e-33 1.17578055619e-17 1.72665592057e-12 0.00286473500514 3.76384196252e-07
Doc #84: 0.0480129126246 1.48912844418e-05 2.36862788256e-11 0.0452807113197 0.906691174947 3.09801089109e-07
Doc #85: 6.41851508938e-11 6.65257879881e-09 0.11021120403 1.42341621808e-08 0.474937046342 0.414851728676
Doc #86: 1.08288824407e-09 1.9834441394e-23 0.00496278207365 0.0011040168008 0.369807517042 0.624125683001
Doc #87: 0.390734940934 0.113054207108 0.0377035398009 0.18743298172 0.232738487227 0.0383358432101
Doc #88: 2.12544474855e-20 6.9779795243e-28 1.0 3.95656167793e-23 2.36975410342e-14 6.33085663609e-15
Doc #89: 0.959936615657 0.0399957810665 1.22057135239e-06 9.58628829722e-17 6.83036348899e-06 5.9552341776e-05
Doc #90: 0.653463962133 0.000130627708299 0.0247579475567 0.159888198908 0.000168196892456 0.161591066802
Doc #91: 1.27484875074e-11 2.2603032681e-15 2.48691732922e-07 1.28517694143e-17 6.22515645563e-23 0.999999751296
Doc #92: 0.0183711957208 3.11809227909e-19 0.162951881234 0.162533842138 0.639871977729 0.016271103179
Doc #93: 0.999999999859 1.14872277678e-27 1.41164378906e-17 6.81089380444e-19 1.39786237858e-10 7.51904583684e-13
Doc #94: 0.999999997683 1.63698186673e-26 4.04193950222e-20 2.15940787871e-09 1.29955599817e-10 2.75375637317e-11
Doc #95: 8.88286493632e-11 2.3921379721e-20 2.55651707711e-21 0.999999999911 1.20790702529e-14 8.35324603367e-24
Doc #96: 0.999898968628 1.35582519383e-26 6.4143358023e-17 4.10285157338e-13 9.69384044019e-05 4.09296670709e-06
Doc #97: 2.33784014189e-21 2.53285209575e-29 0.227378362687 8.68247307542e-11 0.772603448362 1.81888640997e-05
Doc #98: 2.60845858356e-08 4.17273762613e-15 7.17539129802e-17 0.123555732842 0.876444240893 1.80701469686e-10
Doc #99: 0.187446129076 1.2891929218e-16 6.17614317351e-09 0.802430296711 4.7781891371e-05 0.0100757861455
Doc #100: 6.79501488883e-13 3.57561164413e-17 0.252011201191 4.24558167213e-25 0.614667178345 0.133321620463
Doc #101: 3.27364746632e-14 0.000157161070112 1.0971274673e-10 0.136359828009 0.863244968407 0.000238042403528
Doc #102: 0.999999737544 1.8849294193e-09 1.44909873484e-18 2.60571257167e-07 8.51714135791e-16 7.97035672732e-15
Doc #103: 0.000600818645174 0.999399178855 1.502415595e-15 5.25718788396e-11 2.0421320943e-10 2.24301730981e-09
Doc #104: 7.69561626409e-06 4.48728844487e-20 1.34822984913e-12 0.392293816998 1.95064774732e-09 0.607698485434
Doc #105: 1.82113506295e-07 0.919721424864 7.50465121578e-15 2.08700150836e-05 0.0802572212242 3.01783589354e-07
Doc #106: 2.26847895157e-13 1.48104168988e-18 3.18721720432e-12 0.999999822171 9.45426339249e-13 1.77825103981e-07
Doc #107: 1.82378263632e-12 9.4836831719e-16 8.95268026069e-09 0.923626371313 0.000858149633397 0.0755154700994
Doc #108: 5.67998287975e-13 0.0166553924875 3.41235949229e-10 0.446927350986 0.239261889416 0.297155366768
Doc #109: 1.32139793747e-14 0.196352769846 0.76255580267 0.0400100629493 2.40914622685e-08 0.00108134044367
Doc #110: 0.999999621416 3.99130741563e-18 1.63727005939e-13 3.93131000591e-08 3.39270225578e-07 3.83553849386e-13
Doc #111: 9.13014178788e-10 1.06190018357e-12 0.228687196949 0.161792731602 0.0735606659489 0.535959404586
Doc #112: 1.33115050255e-12 9.93203557379e-17 1.11001962296e-17 0.999999993573 6.42575510356e-09 1.75223886387e-19
Doc #113: 0.161324093242 1.50966008858e-10 1.04439614695e-12 4.11747131442e-17 9.30349818532e-20 0.838675906606
Doc #114: 1.02278032514e-16 1.19612081295e-18 0.5271230301 1.79075431481e-06 9.30871820078e-09 0.472875169837
Doc #115: 1.51529089316e-23 9.44365880766e-28 7.79375779614e-21 0.999999917235 3.5774664223e-15 8.27654879999e-08
Doc #116: 4.28333760457e-12 1.0506817424e-29 0.199713524889 1.80405107829e-24 0.800285717952 7.57154781464e-07
Doc #117: 1.43704674995e-17 1.5320758912e-18 1.0 1.09878131322e-16 2.90819865977e-21 8.59388340792e-16
Doc #118: 0.458375072651 0.00475425157464 1.55335948169e-06 0.181395770048 2.7756678931e-11 0.355473352339
Doc #119: 1.3764936358e-17 2.69004614417e-07 0.0780305118338 8.99080133224e-05 0.148346677684 0.773532633464
Doc #120: 1.73069300478e-08 5.68785658632e-26 0.326040587698 2.761988653e-29 0.535062209446 0.138897185549
Doc #121: 4.58003271676e-05 0.198363208269 0.0772446754925 0.002501081642 0.0829747578169 0.638870476453
Doc #122: 0.0639393914913 4.24726306491e-09 2.53238626126e-08 2.44154473014e-09 0.935143195049 0.000917381447127
Doc #123: 3.28141419031e-13 2.0409154336e-14 3.78321088032e-13 2.59373343319e-07 0.999999740435 1.90746958172e-10
Doc #124: 8.92207483944e-23 3.82751743405e-27 1.0 1.38311839554e-27 1.38338346679e-29 2.28962095773e-26
Doc #125: 0.919967437868 7.99541490482e-13 2.55535500876e-13 5.07681887437e-14 7.45396542825e-12 0.0800325621233
Doc #126: 2.60051255403e-14 3.40803068478e-16 7.0139194571e-15 1.21544441701e-05 0.000249098564553 0.999738746991
Doc #127: 1.50104246358e-05 0.5832473962 2.01219223595e-06 0.308083319246 0.102102171333 0.00655009060449
Doc #128: 3.98222114833e-10 1.9788764474e-18 1.01192875591e-11 3.45712842052e-13 0.999999998913 6.78055826883e-10
Doc #129: 5.00438878005e-19 8.97359074675e-22 1.3959193305e-11 5.73525170223e-19 2.20729138014e-20 0.999999999986
Doc #130: 0.0375235649919 0.962476185489 5.4958019055e-25 2.4951866645e-07 6.81214469413e-13 1.74207281372e-20
Doc #131: 0.1980083404 0.0771407132626 0.145463905686 0.188108982065 0.231230713718 0.160047344869
Doc #132: 0.0 0.0 1.0 0.0 0.0 2.66608036973e-267
Doc #133: 0.0 1.0 0.0 0.0 0.0 0.0
Doc #134: 0.159350965939 0.077715603615 0.321315094649 0.0016012499562 0.00240172707672 0.437615358764
Doc #135: 0.0 0.0 1.0 0.0 0.0 2.14923298945e-267
Doc #136: 0.0 1.0 0.0 0.0 0.0 0.0
Doc #137: 0.173890859743 0.0431787556424 0.428663842227 1.17070624918e-13 0.000454779776297 0.353811762611
Doc #138: 0.0 0.0 1.0 0.0 0.0 6.41726704567e-267
Doc #139: 0.0 1.0 0.0 0.0 0.0 0.0
Doc #140: 0.30357750774 0.0612855916041 0.272196277428 4.77176292645e-14 0.000782018203353 0.362158605025
