Doc #0: 6.19269942467e-12 3.21097248119e-21 2.11871086539e-09 1.48608762494e-17 3.79855334639e-15 4.15507558561e-11 3.40149151502e-21 0.999999869743 1.28090835795e-07 2.66419903322e-14
Doc #1: 0.999997840322 2.14329695032e-06 4.7298163524e-10 1.00748818476e-09 3.050441371e-10 1.17303690415e-08 3.9755403107e-22 9.94835294299e-18 3.45590240772e-15 2.86506367948e-09
Doc #2: 3.05603882844e-25 1.95006704213e-15 4.10639112739e-24 2.50740325511e-17 3.4581374055e-15 1.85525655717e-10 0.999999990338 6.48981203997e-19 2.93285698863e-28 9.47650748138e-09
Doc #3: 1.93194824291e-24 1.62942253078e-17 2.78252960354e-18 8.4962589399e-11 9.76646022593e-24 8.26594851312e-25 0.999999999911 4.27827379163e-12 4.77727687393e-24 1.99097078541e-25
Doc #4: 3.03747937554e-24 3.06180766914e-19 2.16478521519e-19 1.0 1.12208526474e-24 1.88586596672e-28 1.60272041253e-22 4.68470759546e-17 5.03928009356e-24 1.15183090974e-24
Doc #5: 6.84667241298e-25 4.08048499445e-20 3.23376484818e-16 3.56259447828e-21 0.217961759131 8.35479917846e-12 1.59648233472e-12 0.605785587362 0.176252653397 1.00494096115e-10
Doc #6: 1.14636963765e-16 3.63802735623e-05 1.09192593491e-23 0.167696900751 4.66578735687e-17 0.832266718638 1.92670188872e-13 7.25997192298e-17 1.39554328142e-10 1.97723598983e-10
Doc #7: 1.51377399575e-29 2.99738549211e-25 5.5684645772e-19 2.29011827517e-13 6.53193948398e-14 8.47671939049e-19 1.86068915465e-11 0.999999999981 7.96359720713e-28 2.24486971185e-14
Doc #8: 0.363408293965 7.06993537522e-05 7.27205185385e-15 0.182024460153 3.53087290262e-17 0.454496489164 3.5830089762e-10 2.17489821707e-12 5.44095494712e-18 5.70039392166e-08
Doc #9: 1.49349187869e-20 1.45852953075e-12 0.999998038457 1.12222944462e-11 8.16041922821e-16 3.69234842775e-18 6.20763188111e-10 1.96080677533e-06 1.10265952004e-18 1.03053868866e-10
Doc #10: 4.43529888137e-27 8.61950447307e-12 3.31293109866e-20 0.999999957625 9.18954354213e-16 4.23652657431e-08 5.17125187656e-22 1.00486818228e-20 9.08589580249e-27 1.55931432506e-12
Doc #11: 2.31969765967e-14 3.62834943454e-23 1.75215128101e-13 3.23791667923e-15 1.05243776888e-16 2.92074038691e-11 9.16140678529e-14 2.10232343409e-20 2.04476107586e-25 0.99999999997
Doc #12: 7.88564128551e-16 0.999984717176 2.95842669049e-12 1.52828202261e-05 1.91259580732e-18 1.02969106619e-12 5.26022115252e-16 3.01663429699e-18 8.44226811128e-16 3.57734716814e-17
Doc #13: 1.78458622299e-20 7.54750505194e-19 4.85784200013e-06 0.999298976213 0.000696165394733 4.89483782122e-19 9.65268794108e-17 1.19006772196e-17 5.86842484723e-23 5.50368148267e-10
Doc #14: 8.06625281931e-33 0.999999999952 4.75427658444e-11 2.1261848202e-28 5.57287008078e-19 1.09412091922e-19 1.45642455377e-15 1.7425446385e-30 4.46881933508e-15 1.30079451002e-21
Doc #15: 0.398949649509 7.45863290342e-17 1.87414004583e-17 0.0684292617104 0.0105308025584 1.03547787263e-16 2.64804996269e-07 0.522090021264 3.49292865895e-28 1.5322247148e-10
Doc #16: 7.44990210652e-31 1.0 2.38572253425e-20 2.23641449307e-25 3.59131272224e-29 2.93385229139e-18 4.01867335591e-20 4.55754960944e-27 7.81675746536e-28 2.16696566696e-21
Doc #17: 9.20694967076e-16 0.330582944273 1.35336357703e-12 2.17200557831e-13 8.88371923665e-17 1.5082116762e-14 3.97812063307e-09 1.34263978722e-16 8.21747821169e-19 0.669417051747
Doc #18: 2.86016568243e-27 2.74713600688e-24 8.00770102683e-24 3.53308218012e-32 5.29739457867e-30 6.86507048302e-25 1.0 9.9409486102e-25 5.64680957371e-29 1.16083609352e-31
Doc #19: 1.69608271296e-12 2.30962554618e-09 0.0451054315957 0.113421913343 1.14065343408e-22 4.63470843768e-05 0.0842779263374 0.644674640335 0.0552957261299 0.0571780128627
Doc #20: 2.15931308514e-18 5.28889010755e-33 8.46255217417e-08 6.52089038121e-25 0.999999867927 4.45662278523e-27 4.74472163271e-08 9.66333394426e-42 2.23712499153e-43 3.36070966075e-17
Doc #21: 2.43854845148e-11 1.01146163006e-07 1.95689250181e-21 7.99505988963e-19 3.6990098126e-18 1.17808185498e-09 5.9080008139e-08 0.989665372571 0.0103344291479 3.68528316738e-08
Doc #22: 7.07983701433e-19 6.56703026384e-23 0.142746823611 2.28178579906e-31 0.857253176389 2.61591246725e-27 1.91536566363e-20 3.21498903837e-27 1.77756512905e-27 2.37115349467e-18
Doc #23: 6.89678449166e-11 1.37869911139e-22 0.999999969852 4.14482123574e-31 9.50887241605e-15 5.0577281249e-14 3.00791564783e-08 3.87126311836e-18 7.76465028142e-19 8.63706668342e-20
Doc #24: 1.76245336594e-12 1.57202007716e-21 0.296012909748 3.44025156081e-32 0.70398709025 3.59251808972e-27 8.01078856609e-17 7.77126676496e-32 3.26540077534e-39 1.09001266732e-24
Doc #25: 0.0749918294756 2.93724990629e-16 2.4359926724e-07 3.55156894406e-08 0.000275225162291 1.1341247138e-13 2.6746300698e-15 1.30502605843e-13 0.924732666247 8.04599535469e-19
Doc #26: 1.45397681283e-15 1.02257628472e-09 3.30304377319e-11 3.12089844331e-12 2.27402805772e-11 2.78515414788e-17 5.0785598612e-15 0.81709673862 0.182903260174 1.2397428486e-10
Doc #27: 1.05843566638e-23 6.20581630913e-21 3.40059850877e-16 6.31595705127e-25 5.0461689775e-09 1.28844241021e-11 7.79003425309e-20 5.19949210503e-17 0.999999994941 3.55594158636e-24
Doc #28: 2.27949319064e-12 0.0638316107635 4.69665502212e-06 4.90593117073e-17 0.475812805341 4.0964577336e-11 0.460350887197 7.86717632581e-27 3.24884007106e-30 5.1554839131e-31
Doc #29: 5.13957869611e-36 1.83621040188e-28 6.78948658386e-34 4.02920960123e-45 1.65333454711e-49 1.35265113506e-32 1.66946168251e-36 1.56171290751e-35 1.0 3.47384962444e-31
Doc #30: 7.8592721258e-17 8.11512158838e-20 7.89138278965e-22 2.50680983115e-16 3.76900787682e-27 9.72160806768e-16 1.00280746993e-26 1.0 5.56007381758e-19 7.05699220804e-16
Doc #31: 3.17915164776e-09 0.584125947063 1.12973995363e-08 2.98038230001e-25 7.83009095748e-08 2.05021700408e-12 0.0644006204008 0.351473338669 3.06347194153e-14 1.08755748313e-09
Doc #32: 2.42292447026e-31 8.9118943816e-23 7.40467950771e-34 4.13100705532e-37 1.55212310924e-42 9.38050843286e-31 2.85981717226e-33 1.02280110214e-38 1.0 4.07571878784e-27
Doc #33: 6.86586584651e-40 1.32813890202e-34 5.22249110865e-38 2.78377200993e-52 1.24121280006e-46 4.53577712628e-38 1.33276127985e-35 7.99612759651e-43 1.0 2.60295737759e-42
Doc #34: 1.0 1.74252169143e-24 1.91395904494e-23 2.18317910773e-26 1.63930239389e-18 4.64860009736e-21 5.93506026553e-28 3.18063817647e-35 6.20937865574e-33 6.72212342561e-18
Doc #35: 0.36570612002 1.27501842567e-07 0.346424722843 4.61754297035e-12 0.00343459164754 6.13040891339e-11 2.79969145259e-09 0.28441730202 1.81347993877e-16 1.71331019605e-05
Doc #36: 8.9571621117e-32 3.31546304889e-25 1.47726124778e-24 1.14929398659e-33 2.20715598704e-28 1.42712621267e-37 1.0 1.30905328726e-26 7.90609707616e-35 2.0560179987e-31
Doc #37: 4.7145863902e-21 1.32461101308e-18 8.83839498082e-19 1.16366180142e-11 0.999999999982 6.14420048796e-12 7.20080027787e-14 6.48687054026e-29 1.21402730909e-22 4.27693050634e-21
Doc #38: 0.488672088846 0.13781212386 2.75924721554e-17 8.29982174889e-28 0.373515775661 1.73314285208e-51 1.1631961697e-08 9.60947096088e-50 1.03942050439e-48 3.87341526359e-64
Doc #39: 0.000137221633602 2.45843972805e-20 2.16380485957e-07 5.75794958034e-28 0.000234849299403 0.000401264912846 1.74594137168e-06 2.78161485453e-25 0.999224701831 1.04303881133e-12
Doc #40: 2.90447142362e-26 1.53980225413e-10 6.76145894738e-16 2.24365863142e-15 1.0504523714e-08 0.999999989341 8.99451919495e-13 6.82351652363e-27 1.05669106563e-30 9.3320357638e-16
Doc #41: 1.94026628559e-21 8.43832137996e-23 6.48206904294e-23 1.29934835885e-20 3.43186690776e-22 6.01968179324e-23 2.42191597295e-21 0.999997481142 2.51885761799e-06 7.08571907241e-26
Doc #42: 7.70042208219e-10 7.86612750168e-11 2.01136459876e-05 1.30880272405e-20 0.732106810388 1.89323885718e-24 0.267872151461 9.23656683285e-07 1.18849311368e-35 1.02097118986e-24
Doc #43: 0.978476400669 3.77072166988e-20 8.34885692516e-06 1.2191677538e-26 4.98420606417e-08 1.14995220343e-20 2.47326060128e-13 1.12801772273e-23 4.56747626154e-44 0.0215152006316
Doc #44: 0.972054982847 1.6557902019e-07 1.93650496223e-05 6.38301536505e-12 3.88744693601e-10 2.09051208494e-12 0.0279254861013 3.26843849988e-15 1.02935690967e-14 2.58493004111e-11
Doc #45: 5.43741419541e-19 4.61536381221e-20 1.0048497426e-15 8.51478905014e-26 9.65486738599e-22 1.7567134576e-23 1.0 1.22155894774e-23 5.22368518665e-28 1.44252160956e-18
Doc #46: 3.20639412053e-24 3.24280744907e-06 4.76514816139e-12 0.999996757105 3.63160087437e-17 2.29693507751e-17 5.62563855949e-16 2.08615155747e-20 2.80867568578e-11 5.50237532405e-11
Doc #47: 1.13495597327e-26 5.84569021181e-30 1.25481974578e-19 1.17851022964e-14 5.11692178108e-17 2.87793652842e-18 8.48494466546e-16 0.999999999986 1.3752356191e-11 3.74132224675e-21
Doc #48: 4.03775602295e-38 1.72668476021e-40 4.60147205183e-35 9.1935554606e-26 1.80797915397e-38 1.04456979477e-28 2.89758588941e-32 0.00556975899354 0.994430241006 3.17746866855e-35
Doc #49: 3.32289545147e-15 0.00477734037618 1.75424455596e-12 0.646796782675 3.20649022102e-10 1.15229612877e-06 2.20839113107e-20 8.492230428e-26 1.01983533212e-20 0.348424724331
Doc #50: 1.09145903992e-19 1.22225838809e-20 1.41794446119e-23 1.4569176152e-16 6.9676450657e-24 7.67919263212e-16 3.71427519646e-20 0.847869394749 0.152130605251 1.04867538534e-15
Doc #51: 2.0856303826e-13 0.00842799500199 9.9216723189e-05 6.92673670457e-14 0.0863581623857 0.00418864442191 5.25327491461e-13 0.528891733408 6.67572664184e-19 0.372034248059
Doc #52: 3.70767694678e-35 1.0 3.2125484497e-35 6.80725984291e-23 1.40666954726e-26 4.71515617226e-32 2.29672420103e-31 1.96722068332e-28 2.75944441377e-23 1.0253385158e-20
Doc #53: 3.76649012019e-13 2.87605419445e-24 4.62458370883e-12 3.1449292535e-23 0.999999999993 1.48686913912e-32 1.79940226892e-12 8.25633769238e-34 2.8433683412e-21 7.74007877e-22
Doc #54: 1.26622923028e-24 1.35360602644e-16 0.99999986085 2.92616004782e-19 1.40487347596e-09 1.3774438207e-07 3.58285612812e-13 2.70579831875e-18 1.14974514003e-17 2.3198790004e-16
Doc #55: 1.02835379427e-15 0.999732110357 5.24075761674e-16 9.65937152076e-23 0.000267326058566 5.63583912363e-07 2.9027230541e-15 2.76819614824e-28 6.16207445259e-18 4.38987704273e-13
Doc #56: 7.04324715476e-22 8.66651770342e-13 0.999999999943 1.20306164213e-11 7.85476219075e-16 4.25773774647e-11 2.67680087538e-18 8.03401171514e-23 2.22062790414e-23 2.02018817415e-12
Doc #57: 1.58791549898e-27 1.27853586303e-15 7.56950342931e-19 0.40550934368 1.70369800648e-18 2.93889165381e-14 8.51094117872e-16 1.25681860975e-13 5.61473807474e-26 0.59449065632
Doc #58: 3.86475020536e-28 3.16799476601e-15 5.27009050809e-26 0.999999995884 2.13077534842e-33 7.92142450087e-18 1.89363042476e-12 6.65017360749e-31 2.99970633685e-29 4.11373054675e-09
Doc #59: 8.12544935112e-33 2.03926883289e-26 4.982968568e-27 7.87873198884e-22 3.53166604274e-27 0.999999999995 2.57750416707e-29 2.77616641635e-33 1.88385113225e-27 4.74766007362e-12
Doc #60: 3.10979719973e-25 6.64765936398e-14 3.56051931446e-22 3.42887376471e-15 5.09976907463e-17 1.004399867e-06 3.89731322437e-23 6.24122797375e-26 6.75977183426e-17 0.9999989956
Doc #61: 4.94885384017e-29 1.60455307235e-13 2.36586442205e-30 3.18497964394e-21 6.42381693506e-31 1.97754985371e-29 2.96547878263e-25 2.06301120497e-38 9.96848061562e-38 1.0
Doc #62: 6.60601618589e-26 5.78060206024e-18 3.53550096517e-16 3.03237432313e-20 5.4559448785e-07 8.33565308473e-14 0.999944463123 1.30955721751e-18 1.12266987347e-36 5.49912826848e-05
Doc #63: 1.39185843989e-11 3.1483158584e-15 0.167760458397 0.574023094022 2.90284326967e-09 5.21763284594e-05 0.10348233256 0.000355114748679 0.154326820204 8.23851369155e-10
Doc #64: 1.0 7.73244531627e-17 1.21197693302e-21 9.09565567474e-25 1.38376542486e-20 1.7452092387e-34 1.34712707464e-31 8.54663377402e-32 1.48230843167e-28 5.91270019321e-19
Doc #65: 1.6355961156e-19 1.28369328788e-10 3.37245508424e-09 1.32625611617e-16 0.999999996495 4.10632269898e-12 8.86399572672e-23 1.98587665284e-18 4.38394029349e-17 1.97567437782e-15
Doc #66: 2.98200858745e-07 1.59918147619e-11 6.9085229702e-06 1.30114004373e-19 0.99999279326 2.43739100382e-20 6.29549461862e-14 6.72099552884e-28 1.69128481899e-26 5.4105700175e-26
Doc #67: 0.112503085091 1.27492729425e-15 6.41491561096e-23 1.33975637469e-27 3.77602293305e-12 0.573542883997 1.83114449024e-20 2.54399378516e-14 6.68029346697e-16 0.313954030909
Doc #68: 0.000466370989783 0.00013186340975 0.800682979151 5.08890634583e-24 1.48221712437e-17 1.07905022876e-07 0.0383197744975 2.04551014755e-06 1.42307603615e-06 0.160395435461
Doc #69: 2.57183635398e-17 8.01466579211e-14 1.80724980134e-11 2.44935325044e-20 1.79603566107e-23 2.65056459772e-15 0.999999999982 7.94391801362e-21 8.66795030563e-15 2.89378082228e-13
Doc #70: 0.999999992388 3.80551068369e-09 1.02834370487e-12 3.7437302678e-22 3.80089029319e-09 4.37799603077e-12 3.19139655198e-14 2.07928813753e-28 1.22975434377e-22 1.55450931409e-17
Doc #71: 0.0336879437024 9.2693224985e-08 0.0479363238077 5.26157822137e-10 1.59251400182e-06 0.00640307788383 1.62332625801e-17 0.837863859183 0.000149137371129 0.073957972319
Doc #72: 5.27540729767e-21 4.55679275636e-32 1.0 1.4225641866e-39 1.27316480918e-27 4.22757843864e-32 1.22524628769e-32 2.16714068156e-36 6.60703506386e-33 1.32745747901e-37
Doc #73: 2.33455638422e-21 1.89725771076e-22 0.221529291977 6.48463298006e-27 8.73661519487e-08 5.96707107084e-30 0.778470620657 4.31841662108e-41 8.67722507889e-26 2.24370017821e-19
Doc #74: 9.72274353233e-19 1.81001557596e-10 2.81452664453e-17 2.77453457371e-23 0.999999999819 2.55417017058e-15 1.27585739232e-13 1.63338254202e-17 3.08106078588e-22 7.39232911132e-20
Doc #75: 6.6301367933e-14 8.55123574044e-07 0.00448030386343 2.18276706157e-09 1.73647512287e-12 1.40821613718e-10 4.06624012976e-13 4.41183610681e-16 0.995518837767 9.19926147507e-10
Doc #76: 2.12663391924e-22 1.53030476579e-27 0.075600121774 6.57730828427e-20 1.15784629927e-30 8.61118618054e-20 1.13080568972e-21 0.0301897314384 0.894210146788 4.69361417785e-34
Doc #77: 2.07707823754e-19 1.99230536159e-26 1.0 1.94134250361e-36 8.43834826204e-30 9.54148827315e-30 1.99810061468e-32 1.4796029765e-36 4.35593739424e-41 2.39113979833e-30
Doc #78: 6.63142755763e-34 9.55367500368e-31 5.32379421968e-35 1.0 5.27207029917e-28 4.76275955174e-32 2.24761843133e-20 2.52607369335e-24 3.74275485377e-21 2.41501094501e-29
Doc #79: 0.00204029299194 9.79987367561e-06 0.954089934736 4.64648199279e-07 0.0438595077497 1.77399396533e-26 4.16480832753e-14 2.16674666098e-30 1.67079054252e-28 3.74136436742e-38
Doc #80: 5.22088452683e-17 1.05843561743e-09 1.11818815872e-14 1.28952701313e-09 3.22145393025e-14 9.25292318814e-07 6.00439544334e-16 0.999993900502 7.64023127201e-08 5.09545583639e-06
Doc #81: 1.75821304027e-17 1.49165796262e-21 1.51880553282e-25 1.46750943435e-20 3.69308833082e-20 5.10561090236e-23 1.0 4.76053634732e-18 4.67652647698e-24 3.93602723818e-19
Doc #82: 6.34347955316e-28 7.73766079081e-13 1.73612215815e-11 2.61397647992e-32 1.50007658782e-14 0.999999999982 1.77820099644e-17 1.58808836091e-20 1.9143668323e-23 1.60354157728e-28
Doc #83: 5.26426548721e-13 4.49502312322e-20 1.84364871411e-10 0.999999999766 4.95665899056e-11 2.51267974439e-24 8.58534322711e-25 1.58008326073e-24 2.61620107803e-27 4.1016494646e-25
Doc #84: 0.998586383404 0.000297521090815 0.000979836093801 1.2180205548e-15 0.000136125810694 3.6658492808e-30 2.5316457106e-08 3.83974199556e-08 6.98868100211e-08 1.02167938217e-14
Doc #85: 0.1502456997 5.23764662515e-24 3.76557028361e-07 4.44086618761e-18 2.07282405276e-13 3.39120007927e-06 0.849750532543 1.73692862103e-20 1.51392062494e-24 8.7676079274e-25
Doc #86: 3.83959438536e-22 1.01019278929e-26 0.0499621650056 0.950037834994 1.80031372053e-14 2.56946763798e-34 1.40724891124e-30 2.04017211555e-27 1.3380442383e-50 1.64468778945e-19
Doc #87: 0.973389909339 2.73726415738e-15 0.0266088611853 9.04877281988e-42 1.22947528011e-06 8.06639814462e-14 1.42653753498e-25 1.235356182e-19 2.19660470466e-28 4.44855755143e-22
Doc #88: 0.00258682535983 2.08351702987e-14 0.000210609479023 3.77706092533e-17 0.542692620254 0.141295351447 0.313214570262 5.21160326907e-32 1.66760185198e-21 2.31975774541e-08
Doc #89: 1.0 1.29766040585e-15 3.05250135984e-21 1.87259910767e-16 1.10189229903e-24 3.88988788899e-29 3.52114017504e-20 8.13623588401e-25 1.88114365614e-28 4.82306457657e-13
Doc #90: 2.02316100889e-27 1.0 4.79147996324e-28 2.88130238412e-28 1.95876143286e-18 9.74835934911e-14 1.03413509055e-24 3.26778510199e-24 1.49354190362e-28 3.25640406373e-18
Doc #91: 1.0 1.38981353045e-36 8.29573474931e-19 8.22582703732e-27 3.61814532558e-19 3.53801329912e-20 1.7474152455e-39 1.34389312999e-29 1.99644772319e-34 4.32991915017e-23
Doc #92: 1.17698737332e-22 1.98779079791e-28 7.34850786826e-07 0.999999265145 3.97184375471e-12 8.03947400751e-23 1.99951237472e-32 4.34132780768e-42 3.13107288326e-40 1.48633264797e-21
Doc #93: 3.30803498543e-14 1.27279045109e-15 5.19042559324e-46 1.58300689318e-13 0.999999733593 8.39091842123e-08 1.82493712459e-07 1.84120532726e-12 1.21382111351e-33 2.06541640678e-12
Doc #94: 7.43253401374e-20 0.999999996294 2.85167304983e-20 5.57598408763e-19 3.89716437574e-16 2.7284585364e-10 3.43344304886e-09 3.33901015867e-18 1.20304110863e-21 1.37397445936e-14
Doc #95: 0.233690101083 8.92215839385e-05 2.46435477601e-11 0.000244498761522 0.316111608892 0.449861521787 8.26107191065e-07 4.23950312202e-12 2.13914009477e-19 2.22175575959e-06
Doc #96: 6.85763036432e-17 5.12772502135e-10 4.54030654798e-16 0.999996723355 1.23040977663e-09 4.62778810388e-10 3.27372923276e-06 1.76036331825e-10 5.33459268699e-10 4.24075970683e-17
Doc #97: 9.61856216716e-11 2.13876718369e-11 0.999999998795 2.405327831e-16 1.16141577093e-20 2.98254455749e-12 1.71566303204e-12 8.69433511402e-12 6.37182396861e-13 1.07330654373e-09
Doc #98: 2.01833312655e-15 1.5157404377e-11 0.302970752033 0.160058977459 3.11016891864e-12 0.0861599671855 4.65454739108e-14 1.06871808195e-13 5.36830518286e-14 0.450810303304
Doc #99: 8.7359413248e-13 5.81365914231e-08 3.35843671813e-16 3.69355324683e-06 4.89958263813e-11 0.592901649848 1.19185202465e-18 1.98801327586e-17 2.81445594208e-16 0.407094598413
Doc #100: 5.41380827625e-14 1.87166944922e-07 3.147975141e-23 1.75514664289e-16 0.480487593688 0.519512217978 5.30562349677e-23 4.71497081663e-32 3.47283891207e-37 1.16717282234e-09
Doc #101: 0.165260191786 2.2136392708e-14 3.77219491314e-19 1.51596292701e-12 6.13102597408e-08 0.114540793299 4.24935640929e-23 4.75713051931e-14 1.07921505573e-15 0.720198953603
Doc #102: 1.58366976713e-22 5.13031223404e-24 1.03641632165e-24 1.77049860638e-20 3.13667627109e-22 1.0 3.69709267289e-33 2.85320649564e-25 1.04200341547e-40 8.45154020587e-27
Doc #103: 1.85705376513e-15 3.38052895482e-09 1.57331027112e-22 1.04218401466e-24 4.17748066872e-21 0.999999996596 8.12275522895e-31 2.4966347248e-30 3.96449592129e-36 2.31767113153e-11
Doc #104: 8.40771542085e-11 1.97473264884e-16 1.26426465447e-27 5.39660843259e-24 1.18745661913e-17 1.19321632365e-05 3.20069672881e-26 7.36512433541e-21 4.92659308953e-32 0.999988067753
Doc #105: 3.63486837239e-16 9.01375341708e-18 2.47080806577e-07 4.38986112576e-23 7.21011353616e-13 0.353622978496 7.0493399244e-24 9.53121943533e-15 3.50375874364e-19 0.646376774422
Doc #106: 0.574640199859 1.49255874041e-13 7.74097369743e-08 1.04151981484e-21 8.96175510277e-23 0.425359722686 4.55399569979e-11 2.01722634718e-21 6.61539205936e-21 2.91716112771e-13
Doc #107: 6.99409922505e-07 7.34520277692e-05 0.0992927211549 6.39066851925e-05 0.895869494376 2.88841121368e-08 0.0046996974617 1.64167435435e-57 8.76215123985e-21 2.62846078937e-23
Doc #108: 7.73388344694e-25 3.23765862823e-24 3.99322515969e-11 0.999999999164 7.95847304251e-10 4.13082658577e-33 9.46497032659e-34 8.34312557447e-46 9.73432994915e-39 6.19716562149e-32
Doc #109: 1.0 2.71351343669e-32 3.68254751869e-30 9.4689451278e-28 6.96317766168e-20 3.57056328296e-31 6.77266649297e-29 3.98098027538e-31 1.26438541336e-26 3.69992603164e-26
Doc #110: 2.00661572576e-39 3.07504008967e-31 1.24440785255e-25 1.19971206979e-33 6.2905026561e-37 8.62128639358e-27 1.77037075384e-26 1.02355749797e-18 3.21340917964e-14 1.0
Doc #111: 5.81019823535e-23 1.91996203214e-21 2.4391795682e-19 7.81206019719e-23 4.45571360314e-22 1.0 1.76638475244e-16 3.23278682087e-25 1.84210664342e-28 4.5593873817e-15
Doc #112: 1.79825314031e-15 1.43131564133e-13 5.24547068383e-12 3.74364786168e-23 8.02636009437e-12 1.21466811326e-11 1.20130335334e-16 1.36125169382e-19 4.78271284764e-18 0.999999999974
Doc #113: 1.26249861253e-10 1.01494180613e-20 6.51501372679e-10 9.65719042918e-13 1.00977730812e-06 6.60991083242e-15 9.76278151858e-15 2.32548424866e-08 0.999998945296 2.08931189103e-08
Doc #114: 2.85494290934e-11 0.999999999971 3.65654222602e-23 2.92510643959e-29 9.00732917051e-18 9.45210383006e-27 1.31436725546e-17 2.18924702066e-36 3.76589638226e-32 2.85400507703e-20
Doc #115: 1.0 2.44282624503e-35 1.43957583482e-25 6.78457242437e-29 9.14710806568e-19 1.54288631534e-20 1.79319494282e-19 2.83645336917e-28 5.71581410447e-23 1.5904603425e-14
Doc #116: 1.79497430677e-12 8.30032643887e-24 0.999999999998 1.86499672928e-26 1.14196872362e-19 2.10712221083e-14 7.3245001477e-22 6.76143817978e-27 2.0794796979e-34 5.75423693603e-16
Doc #117: 3.89270048915e-19 0.999999997192 1.13893185891e-09 8.76612434696e-19 1.02572068258e-23 3.95310531438e-25 1.5033315945e-20 1.64786201499e-17 1.99937064822e-23 1.6692351937e-09
Doc #118: 0.263077136157 3.46829432327e-16 3.27099349098e-10 8.80572144737e-22 2.93968813151e-14 2.33174100563e-30 0.736922863516 1.3976480181e-13 4.08885872319e-14 2.23627272433e-13
Doc #119: 7.97959302295e-15 6.26876035014e-18 3.20248736319e-25 2.07058435271e-07 0.972866679148 5.12583997311e-15 1.15351507254e-13 0.0188681541399 0.00826495965346 8.9422957205e-14
Doc #120: 2.96109692408e-13 2.08632706151e-20 1.71962735806e-06 3.26998011226e-21 0.00874928227646 1.64498956871e-19 0.991248998096 6.70729833278e-36 1.33911185894e-16 1.57581566079e-20
Doc #121: 1.85199614269e-19 9.47788494034e-18 0.417974918985 1.69912089735e-20 0.582025081015 6.57049126499e-34 3.01965988321e-15 9.4561890905e-23 1.05503191209e-38 5.59868828005e-29
Doc #122: 7.75343620633e-11 1.40949027121e-19 1.39522163493e-10 2.05159737701e-22 0.999999998725 2.9082142091e-18 1.04279723302e-09 7.17840529249e-34 1.69814799955e-29 1.47457735162e-11
Doc #123: 0.618045034988 4.36237177757e-05 2.33140502591e-12 1.8744180863e-18 1.14397601354e-06 6.68994491508e-18 0.381909133933 1.24626043804e-09 3.69400831426e-11 1.06210038288e-06
Doc #124: 1.56874056268e-06 5.82231353758e-15 8.8030046157e-19 1.12899753395e-06 0.387586066747 0.408470922297 6.69441171289e-11 0.203939949002 2.49494507256e-16 3.64149404819e-07
Doc #125: 6.90315715914e-05 1.93921145962e-18 0.0859560593978 0.282210157322 0.631763970237 4.46316779053e-14 7.81471408988e-07 1.82593706765e-40 8.58418269855e-33 5.22730573128e-23
Doc #126: 2.67655978812e-11 4.36871243438e-17 8.59397241795e-16 0.0553110370315 1.0892254721e-07 1.39785415406e-10 4.6259194675e-16 0.422979497538 2.3461466524e-17 0.521709356341
Doc #127: 0.999999999935 2.2107383153e-15 5.07151978328e-11 1.96995047245e-18 1.99481613739e-15 6.86076842424e-14 2.09573218906e-12 7.60707478571e-20 1.98736691735e-16 1.17527918697e-11
Doc #128: 3.35683883053e-23 3.23336532591e-21 4.39560383634e-23 1.93800282071e-21 4.37002202732e-17 1.50108828471e-17 1.04373053999e-18 1.4740052253e-10 0.999999999853 7.51762403203e-17
Doc #129: 2.11406222751e-10 1.5915487016e-09 0.999999881445 7.18822930754e-08 1.04810616728e-11 7.73219837336e-10 4.40581578246e-08 4.51316821186e-18 2.33630169386e-21 2.81126708913e-11
