Doc #0: 3.04851499346e-17 4.3836923177e-13 0.999991252141 6.05044985145e-12 4.10436059227e-12 2.65716920581e-08 1.22054893517e-11 1.29685242753e-15 6.88666669157e-13 8.72126353513e-06
Doc #1: 7.06124631689e-14 5.41847797089e-06 2.83031113168e-12 1.3670305538e-08 1.0291581192e-05 6.74366046983e-13 6.51612089054e-10 1.47240627541e-15 0.999984275615 2.98419089966e-14
Doc #2: 4.40909191353e-27 1.26972013997e-22 6.71300229108e-20 4.39210221897e-23 1.12198592385e-18 4.25941305381e-15 1.4612350768e-07 0.512981593322 0.487018260554 1.09775896102e-15
Doc #3: 0.0935404029038 8.19569936936e-12 5.94881840813e-07 1.62950220071e-05 8.08925086312e-16 3.01439275811e-11 0.846351910075 8.25764684015e-09 0.0600907888213 3.58404478693e-15
Doc #4: 7.62154945505e-26 0.999999999999 7.8795007565e-17 8.42839080674e-22 1.12208433396e-12 4.10936060079e-18 2.71179296078e-20 7.75584179732e-17 6.42550547919e-15 4.90329965272e-15
Doc #5: 0.703196219427 3.24804393379e-10 2.49763670473e-07 7.39127943658e-11 0.113103291837 1.26735036844e-08 6.0853230408e-17 0.183700223524 2.37628427884e-09 1.68193041676e-18
Doc #6: 1.33866360576e-17 6.75382333926e-18 9.15278019955e-25 0.999837691832 1.86521296624e-19 6.02892204568e-22 7.69413034251e-20 1.48655414395e-21 0.000162308167798 4.66562009039e-16
Doc #7: 2.76049970844e-19 1.13631380238e-11 0.994702323262 1.26861134954e-19 1.93567605572e-16 0.00528815976514 1.64754413923e-14 3.6862506466e-14 7.99255944002e-10 9.51616203102e-06
Doc #8: 3.15169867361e-17 9.91676602735e-19 1.57068569001e-21 7.73948705334e-22 9.90705128819e-23 3.15420701209e-25 8.60402184191e-24 3.94714151667e-09 0.999999996053 7.40227535095e-25
Doc #9: 5.92987677061e-14 5.3979537459e-14 4.29680419458e-06 1.83863466191e-14 1.26336482988e-20 9.95287475004e-26 3.33146486871e-15 0.999995703196 4.50766275667e-18 5.59668348091e-18
Doc #10: 6.00979506745e-15 8.617078172e-13 5.05451409961e-12 2.42518891255e-10 1.81500672172e-20 1.78623562661e-18 5.35745224951e-20 4.51307293491e-08 0.999999954621 7.29044481028e-25
Doc #11: 2.68079451635e-16 1.37503875446e-20 8.56786767098e-14 1.89276923678e-13 3.39950917556e-13 0.999993231081 6.49350656013e-12 1.26618519522e-15 2.10925814207e-25 6.7689119395e-06
Doc #12: 0.113929397863 0.055892522717 8.08235321158e-10 0.268539023636 2.57593826134e-21 1.95095036888e-17 0.561639041335 5.90418166465e-10 5.51932103644e-13 1.30506462816e-08
Doc #13: 2.14831896388e-21 5.67960426063e-13 0.999999805531 1.03212174495e-19 3.41258346794e-17 3.18357881232e-23 2.49354104728e-17 7.7380878343e-24 9.30601693896e-19 1.94468445216e-07
Doc #14: 0.00164059748587 6.03837700639e-14 6.73238020551e-15 2.01488098042e-17 4.70025686011e-17 4.14060969504e-21 0.998359402505 8.23368305416e-12 1.65577411212e-20 5.18099071508e-13
Doc #15: 0.00322618510811 0.0564583758454 0.36921280172 0.00015502210181 0.555228341091 0.00383250852629 0.00516863336986 0.00558680744716 3.22618192312e-07 0.00113100217212
Doc #16: 4.92905364136e-10 1.57401765912e-18 3.64669551271e-14 5.25219791273e-12 4.20291405787e-07 0.999999579182 2.19049469713e-11 1.61544160722e-19 1.48320072972e-16 6.24035836628e-12
Doc #17: 5.07147112535e-31 1.50657076819e-17 2.24893895874e-22 2.26590862194e-23 2.31165492794e-17 1.89741589761e-17 1.0 8.38640421671e-19 1.15240251379e-26 4.91818795372e-16
Doc #18: 3.03158879966e-18 1.0 5.76623511114e-17 1.68729971398e-17 3.4302925894e-25 1.07422557923e-27 5.44987129355e-21 3.11190811491e-25 1.04280871419e-21 9.00075930351e-25
Doc #19: 1.31587022453e-09 1.61706446655e-11 1.86545830151e-08 1.81267366108e-06 1.57851410665e-08 5.70951563593e-09 0.999845912532 7.88699550199e-13 4.05146358917e-09 0.000152229260501
Doc #20: 1.98825895074e-19 8.45109307635e-15 2.41880809233e-24 6.3077398235e-10 5.70744235218e-20 1.83375407812e-23 7.92300155747e-21 1.85721181963e-19 0.999999999369 2.82933505824e-19
Doc #21: 2.14499960662e-13 2.48329884642e-10 0.627913763271 0.128071276186 1.8920802174e-16 6.61021886937e-06 3.00510144368e-11 0.244008350013 6.28834382165e-13 3.20635607205e-11
Doc #22: 0.999996321082 4.16984874811e-09 1.01010007928e-08 8.7877223677e-10 2.09450367047e-20 5.18107440076e-21 8.24111160434e-22 1.00778824306e-15 9.47166451702e-17 3.66376804522e-06
Doc #23: 4.23765667276e-09 9.77797381347e-11 2.92186433705e-12 3.20752515151e-14 0.195483012885 0.154185390658 0.044276813551 1.51573045745e-08 2.31249060986e-14 0.606054763411
Doc #24: 0.532126583886 5.32778709101e-08 7.94333009706e-06 5.79202472573e-09 0.131189877444 1.42163975009e-07 4.06225420799e-06 5.88206584627e-12 0.0367927711253 0.299878560721
Doc #25: 0.23378908271 0.184496937886 1.16512357301e-05 0.122013319061 3.35450740349e-06 0.259423832606 0.0584486614685 2.67614491433e-24 0.141759837766 5.33227587106e-05
Doc #26: 0.0334180799744 0.000847257045556 0.000192617680495 2.955596211e-09 0.822991818323 0.142550076557 1.46588028207e-07 2.75021498517e-31 2.03938330123e-23 8.75263451707e-10
Doc #27: 3.60186830785e-18 1.26498311821e-06 2.3863892816e-11 0.000223262888361 8.90102828983e-19 1.53083467061e-20 1.98292392758e-19 0.999775472104 9.22599844304e-13 7.49906072985e-28
Doc #28: 1.38267895061e-13 9.09743131121e-22 4.35670591175e-13 1.07890489165e-11 1.18794064188e-13 0.999999999988 8.50467439873e-14 5.79485076325e-23 5.08902864011e-17 1.17374563606e-14
Doc #29: 2.74565677674e-22 2.17241362894e-19 2.62652833084e-21 0.999998886924 6.58603972297e-09 3.66749041498e-11 1.93156555214e-08 1.07004096945e-06 1.7096840729e-08 9.37890337027e-17
Doc #30: 1.67113657853e-14 0.984921472429 3.09500987341e-14 3.99017311403e-26 0.0150060906494 6.85252596851e-06 9.79786378372e-10 3.61929383649e-20 6.55834160165e-05 5.71911331463e-26
Doc #31: 3.87908221974e-33 7.46433466839e-39 2.03087453041e-29 1.24115427814e-32 9.615191835e-41 1.72356652464e-27 3.72319205503e-28 1.06978426861e-28 1.0 1.48474339218e-33
Doc #32: 9.00068672931e-12 6.74145455218e-07 6.26841850903e-09 3.54997876635e-08 0.999999239135 1.86404852651e-11 4.78666497086e-13 4.49236626213e-08 2.64825093301e-16 6.16973631077e-23
Doc #33: 0.0452308964645 0.00274166629405 1.27665337119e-05 0.9466844876 1.06772632413e-18 9.64024447548e-22 2.49232901084e-09 3.09920339691e-17 0.00533018045912 1.56618005054e-10
Doc #34: 3.18782696094e-11 4.17963107892e-07 0.56093510837 0.271729262703 1.30577462562e-07 1.3311143474e-06 8.70896999654e-07 0.167329256441 3.62190193324e-06 4.22687801338e-13
Doc #35: 2.83412702575e-18 1.91987562682e-17 8.16196901271e-17 9.21486018448e-20 6.70338582378e-10 3.27839041386e-14 3.44891143552e-13 0.999999999329 1.08154779119e-16 2.90535831622e-13
Doc #36: 2.5435446221e-20 1.95650667784e-18 4.59203759869e-18 1.0860618526e-23 1.17132729804e-08 2.3020642231e-17 0.999999988287 2.30211705417e-21 1.48437805601e-24 1.0863380671e-16
Doc #37: 1.82106170045e-27 2.27112196209e-21 1.56223439762e-19 2.45033570666e-21 2.27265371605e-24 1.0 2.05812386286e-24 8.26322918874e-22 3.01855569726e-28 7.35392678265e-26
Doc #38: 0.107573077885 2.63342686666e-08 0.131439518928 4.93857079212e-05 0.517438183567 1.5942964273e-09 0.243481309773 1.66142150257e-11 1.84946253887e-05 1.56875694466e-09
Doc #39: 0.0421054857363 0.0395125426106 6.68491547423e-12 0.188207828523 0.0562367065584 0.41064338959 7.85214294509e-06 0.25983260515 0.00342638907726 2.72006046088e-05
Doc #40: 2.60466192924e-11 0.9999238594 4.45664894494e-16 3.33891880076e-29 7.50740719424e-15 7.61367169365e-05 2.96492705601e-10 2.37273950779e-11 2.48566027834e-16 3.53690280568e-09
Doc #41: 7.7295903929e-11 5.67202219154e-16 2.89029026874e-06 0.810658123903 2.74773654613e-25 8.39842493595e-08 5.53015484303e-24 0.1893389017 4.51722253463e-11 8.08442283528e-23
Doc #42: 3.29383104725e-07 9.41380370784e-17 1.19339133439e-28 2.55626153564e-18 6.70605808169e-10 2.0808679445e-18 0.999999669944 6.49640463851e-16 3.66411380064e-20 2.58493095661e-12
Doc #43: 0.968795588645 1.108834975e-13 6.84252731158e-18 0.0182473738818 0.0129570314026 2.93306795964e-10 5.49566187421e-09 2.69340241692e-15 6.11017844386e-19 2.81354551633e-10
Doc #44: 1.22793926153e-25 3.27730406686e-26 1.74611389548e-24 3.36123068167e-14 3.30070715512e-22 1.0 8.37614445827e-26 1.31150390899e-23 3.78379627869e-25 1.35697755946e-26
Doc #45: 0.135320215379 1.05079507892e-10 0.00112059432895 0.207997551602 0.564441708414 0.0909834484312 3.14411032885e-12 0.000136454098282 6.07371660107e-12 2.7631688665e-08
Doc #46: 4.63198777322e-20 1.13754561484e-11 7.78883010874e-17 6.39556715876e-15 1.48543061933e-24 2.99600236306e-17 2.41235984676e-23 3.28846515699e-13 0.999999999987 1.35953638975e-12
Doc #47: 1.82597528504e-17 8.07614314251e-15 2.55693959878e-13 2.33279826722e-19 5.72972522138e-14 4.09978962049e-14 2.00822747895e-12 0.999999999998 5.03639419489e-14 1.51640284242e-17
Doc #48: 1.05276597082e-11 8.12790605938e-08 5.80775462316e-16 0.286638133627 1.87213985741e-14 3.35950060831e-15 0.713361652189 1.24920443676e-07 7.96270335963e-09 1.14150155926e-11
Doc #49: 3.5739041593e-14 3.05461081309e-15 8.00599138053e-10 0.999741898951 1.07777160969e-10 4.89401002202e-15 3.68262646585e-11 1.1782071583e-12 2.74107855431e-16 0.000258100102389
Doc #50: 4.44767489835e-13 1.06816935486e-18 1.28647658246e-18 3.13145058732e-18 0.999999582404 1.28485638143e-28 4.45825061784e-12 4.16637444274e-07 3.37631118736e-10 6.15838238182e-10
Doc #51: 4.85578424748e-09 7.23890469962e-17 4.60352653864e-09 0.424102869298 0.575897121242 1.1505710796e-14 4.70521113914e-18 4.84944195625e-19 3.15512541645e-13 8.78352700939e-14
Doc #52: 1.49061901429e-09 3.09245930234e-07 0.834139483919 1.51067834648e-15 1.34409418724e-09 8.48416996817e-22 4.0288797375e-13 0.165860201607 7.54618740838e-18 2.39345219444e-09
Doc #53: 1.74618049514e-25 3.45245764612e-14 3.63309477897e-16 4.45501910827e-14 0.999999999323 4.93902852257e-13 1.76314940287e-13 6.75797704463e-10 9.2833264305e-15 1.97184192147e-24
Doc #54: 7.75503163008e-08 0.0376080619284 0.709871874387 0.139911118602 3.85629015406e-06 0.0253729602942 3.7889405952e-09 0.080342236604 0.0068518126892 3.79978665095e-05
Doc #55: 1.82741014815e-24 5.82501536194e-15 9.55763974644e-15 0.999999999828 1.70820063144e-10 6.94874938896e-13 4.5716181028e-21 6.6295534703e-15 5.49784705231e-21 1.70653684983e-19
Doc #56: 1.0 4.10046200439e-21 6.27535427679e-19 8.8281665992e-22 3.46015368995e-17 1.4563464955e-21 1.96439988854e-24 2.40258254533e-20 3.20322437735e-17 1.72092625338e-18
Doc #57: 0.99999999625 6.30172848858e-10 3.25972358364e-10 3.05284053755e-14 6.7282840379e-12 2.20522384986e-09 3.47353643733e-11 8.63619480365e-12 2.65437490493e-13 5.38161550454e-10
Doc #58: 1.62842825146e-22 0.999884721053 3.33355104546e-17 1.08894798905e-17 2.4604861468e-14 2.97615756015e-19 4.45344835319e-14 2.9284517641e-18 7.34205677768e-05 4.18583792756e-05
Doc #59: 1.00450161098e-08 5.36281392866e-12 3.8945894691e-07 0.0594564472614 7.56971464484e-18 0.940543153187 5.10880473294e-17 4.19745391348e-11 1.93493671429e-17 9.93752010253e-24
Doc #60: 8.87299115003e-13 8.58525664261e-23 8.72907110602e-11 0.566402952948 7.13201015746e-17 0.000125773657646 0.43347127322 7.79140725701e-11 1.15536877443e-18 7.90649021065e-12
Doc #61: 0.129627811858 1.96629804952e-06 0.296192761895 0.133585353666 0.00635341947836 0.164796104998 1.3912753452e-10 0.000145650343047 0.000697930574446 0.268599000751
Doc #62: 2.67557318817e-05 8.78212814905e-08 0.566192372464 1.85722513701e-14 6.89172008383e-06 3.68805704007e-11 0.00222147200571 5.65655197907e-13 0.431550857571 1.56264823517e-06
Doc #63: 5.15082533143e-21 2.07610287358e-17 2.95497623706e-21 8.83802469839e-15 1.4317410255e-21 1.75474388947e-12 2.68723273545e-16 3.29988070786e-16 5.36777964199e-13 0.999999999998
Doc #64: 5.04240423439e-12 0.968175637264 5.64471570178e-07 3.06014067922e-06 2.52236086519e-09 0.031744394699 6.72408100759e-05 2.66428787993e-22 4.08279426065e-25 9.1000869576e-06
Doc #65: 9.10802865027e-14 7.16433597764e-12 0.0106634532368 2.83002932871e-06 8.09534682419e-21 1.92067775492e-20 0.081792386025 9.648608884e-10 4.64871621594e-06 0.907536681021
Doc #66: 4.94273235424e-23 1.76956853232e-21 9.09810429921e-24 2.61051541761e-21 0.999999992349 1.65859081578e-11 7.63419447071e-09 9.44250061683e-19 1.23635797544e-20 1.28607101433e-16
Doc #67: 5.37522874458e-25 1.75952618525e-16 5.10045413012e-29 8.9658772056e-16 9.01150012088e-15 2.34134612809e-16 0.999999999922 7.81170323006e-11 4.68650835518e-17 4.90350797356e-24
Doc #68: 4.89255281674e-20 5.23955564122e-14 2.57319732299e-12 3.30368196438e-16 0.0537972129591 0.671185786903 1.04713546301e-08 0.274954589235 1.91337299342e-06 6.0487055289e-05
Doc #69: 5.46425040235e-22 2.01109709535e-21 7.90243673829e-30 3.08080140808e-23 1.0 6.28410672465e-15 8.83591376358e-17 2.10646991798e-22 8.37806228323e-32 3.08587932902e-25
Doc #70: 7.05141038993e-15 0.999985183556 1.71640366532e-13 6.19989473001e-16 1.47495205574e-05 1.98044574792e-09 6.37813513084e-08 2.83819242948e-19 1.16112633642e-09 4.19807679607e-13
Doc #71: 3.32602871133e-11 0.999983140727 5.09411502503e-12 2.70130315331e-07 4.91954543517e-17 4.00897604488e-18 7.2744856784e-10 1.65883748051e-05 4.91404910553e-16 1.58321712501e-12
Doc #72: 3.01363363425e-06 6.5065429178e-08 1.03007957723e-09 2.11206768665e-09 0.955717046381 1.08749711006e-15 3.39235893492e-10 2.2091506646e-17 1.48383959834e-06 0.0442783875989
Doc #73: 0.000104599832788 2.99131644035e-06 0.000493988191482 2.41939432745e-13 6.9068113338e-19 1.11713735459e-18 0.831654920044 5.37160494014e-29 1.45741969243e-12 0.167743500614
Doc #74: 2.37565809508e-26 1.209988101e-24 1.72932415085e-19 1.0 1.4328980493e-36 1.20851558594e-18 1.4613601391e-33 5.0151587803e-25 1.87988467054e-26 8.71976884625e-32
Doc #75: 7.81305552193e-08 5.38871345565e-10 0.997850025737 0.00214989554894 3.6520735059e-15 5.92499622756e-15 4.49751380649e-11 2.20159968192e-18 1.80905964707e-15 2.22943179346e-26
Doc #76: 1.02808295693e-12 0.853076082537 1.81119901136e-11 2.49569962074e-11 0.125414670259 1.22499604582e-19 1.0359183554e-06 2.54411038652e-06 0.00308955287195 0.0184161142587
Doc #77: 3.65647004604e-15 6.47817792941e-14 0.999999999819 8.35332714702e-18 1.91792327255e-14 1.81230448615e-10 5.26377693121e-15 5.15391519241e-19 5.99790203031e-21 1.17810295777e-17
Doc #78: 9.84872661076e-08 5.14448517907e-16 0.999999847319 3.57856628515e-14 8.39379562176e-14 4.83577312131e-12 3.3691214946e-10 9.94987792744e-13 1.6735201404e-08 3.71160078633e-08
Doc #79: 3.76629601981e-13 2.93168330181e-16 4.82875226921e-15 1.33242339179e-21 1.47151910619e-16 4.85815264864e-22 1.06230925613e-19 8.37892889326e-20 9.68038083537e-16 1.0
Doc #80: 2.34737677481e-23 7.59227644733e-23 1.38920324569e-21 6.2558699496e-18 1.09610399318e-16 3.82193774614e-20 4.39524883597e-14 0.999999999939 6.10384260068e-11 4.91340342528e-22
Doc #81: 2.62129210392e-18 9.12646779593e-24 2.59068764733e-11 0.99999849137 2.45412329747e-16 1.50828687881e-06 1.74913897458e-20 1.14779445386e-19 3.39859470748e-13 3.17041131571e-10
Doc #82: 0.00472470285126 4.25769959709e-11 0.79296251737 3.88638286952e-18 3.54466425673e-11 1.12374203752e-11 3.06423451441e-08 0.202299685551 1.30634905198e-05 5.23992861903e-12
Doc #83: 2.26949337364e-22 2.44054077412e-22 5.71687952482e-17 5.84321784841e-18 0.999999999333 4.26312568375e-20 8.60191738472e-26 7.67770776413e-20 1.78552890176e-20 6.66864737752e-10
Doc #84: 7.77684883514e-13 4.14511199497e-14 6.96847624466e-06 1.03531895216e-13 0.239849477259 7.49448379525e-16 4.26086985671e-07 7.78879779295e-15 0.380885346192 0.379257781985
Doc #85: 0.442409968356 4.12024211165e-06 8.54806438334e-11 0.0495530866433 1.80502740019e-10 0.222365317398 2.67390621921e-08 5.96985369727e-08 0.285665568201 1.85245621189e-06
Doc #86: 8.42719743864e-19 1.46896718231e-06 5.70844723251e-08 4.69953286087e-27 1.13796910517e-12 0.000795639705686 1.96783294429e-19 3.34238110126e-21 2.11468699106e-19 0.999202834242
Doc #87: 1.05705952127e-08 4.25358719107e-08 0.162077971829 1.79618984139e-05 2.25865377659e-09 0.1770712434 0.138559121192 0.522273646316 2.91377330023e-17 1.37602520081e-24
Doc #88: 2.45268435842e-19 1.16875376285e-20 4.69869782569e-21 1.0 2.52930092428e-20 7.79912084614e-20 3.57315553754e-34 6.41114034447e-30 2.21843554277e-25 2.32085794819e-27
Doc #89: 3.3545697099e-15 1.22822346705e-18 1.63454871006e-11 3.03407757184e-15 5.01480486365e-14 3.01808769863e-11 2.8326903737e-19 0.999999999953 5.43968230025e-15 8.0900779407e-19
Doc #90: 4.4240932884e-13 0.0466797597908 0.953320235297 4.79880543102e-19 4.62042922668e-09 3.53436091957e-17 2.84178632092e-10 2.134731741e-12 2.86778088097e-12 2.64963542673e-12
Doc #91: 0.9998126101 0.000158451888156 6.14538820945e-16 2.9532165055e-10 3.47421516121e-20 2.18832133033e-20 9.21938476647e-22 2.89377160375e-05 3.53745564829e-15 3.09060271048e-15
Doc #92: 0.00164764214628 4.599060688e-10 9.77730176177e-12 0.390122592739 0.000120551600356 0.187594345712 7.26970740843e-11 2.80094301948e-18 3.65210159946e-22 0.42051486726
Doc #93: 4.14193248021e-24 6.90188163943e-22 3.73321235979e-22 2.39014925479e-21 1.0 1.28650780794e-17 3.28804384689e-20 5.32759844064e-21 1.71828112354e-17 2.84350252062e-18
Doc #94: 6.65928061265e-10 0.997893093227 1.64900988143e-15 2.57016838758e-15 0.00210441695261 1.95871436561e-12 3.62685156742e-14 2.36147069588e-11 2.48912865077e-06 9.89750476694e-27
Doc #95: 1.99811917856e-08 1.02586000114e-08 1.83668465745e-19 4.62824180521e-13 4.23326974212e-11 5.3945978617e-20 3.33710381157e-16 4.58957719416e-14 3.6631050059e-20 0.999999969717
Doc #96: 1.50716390369e-13 7.66557584783e-23 4.56419990305e-14 5.35236262417e-25 0.999999999986 1.35561440366e-11 1.29163853453e-19 5.9703167786e-21 2.70530678876e-22 2.84974395504e-17
Doc #97: 0.000902430354088 1.46233969764e-13 0.234459635957 2.14109981891e-11 1.81911554956e-20 0.196564014073 8.53713592151e-16 1.42370259939e-09 4.42386100653e-06 0.568069494309
Doc #98: 1.42623969306e-19 5.26369760764e-33 1.74976153159e-11 9.08161135707e-28 4.67787490708e-06 3.12616909675e-23 6.19781554424e-17 1.01799995231e-32 0.0197618752022 0.980233446905
Doc #99: 3.25233420349e-07 0.334586108488 4.36394210631e-15 1.10535791793e-13 1.06013368227e-05 1.31491953054e-15 5.59351437664e-12 5.3021544431e-08 2.93915371294e-18 0.665402911914
Doc #100: 0.000119998613021 8.25066881435e-18 1.67189925021e-09 0.999879376868 6.02912985941e-07 1.49590474311e-08 2.09612438052e-25 5.93957889807e-30 2.75447020163e-16 4.97525659384e-09
Doc #101: 2.78560467156e-17 3.52560312723e-16 4.69905291009e-14 1.69612406158e-10 3.80949363134e-13 1.10637630245e-19 0.923743083215 1.59848867691e-15 4.35246123262e-19 0.076256916615
Doc #102: 2.38445632843e-11 1.86405816572e-15 6.51820112035e-19 1.45490498052e-08 9.51385749247e-09 0.990122465597 1.66469372088e-08 3.69970417e-10 8.73931324395e-08 0.00987740590656
Doc #103: 1.69645169836e-26 1.22545392513e-26 3.81209133852e-19 2.85497521907e-20 3.56920897011e-18 5.9093467629e-19 1.0 1.19683363278e-18 1.91631910112e-18 2.61696504984e-19
Doc #104: 4.21356123571e-13 0.999999471523 9.43590209204e-15 2.70658518742e-18 3.95960935226e-17 5.28395198506e-07 1.66413874847e-20 1.27035148416e-18 4.42848196019e-20 8.14605519877e-11
Doc #105: 0.246859126318 6.07695385399e-07 0.504658654894 6.08434870879e-06 0.0967241294811 3.36447266868e-17 0.101536909782 0.0480645269806 0.00214923157453 7.28926020819e-07
Doc #106: 5.25376882314e-20 1.02859275529e-15 1.40705002522e-23 1.3665212139e-20 1.90211322918e-16 1.0936562966e-16 1.36338532359e-17 1.17412726917e-14 2.54950045153e-27 1.0
Doc #107: 1.02544960083e-17 9.6181968771e-16 1.22144716012e-06 1.01136254392e-26 8.13620448572e-16 1.19729893995e-19 1.65552382983e-22 5.22804163248e-25 5.40434637442e-14 0.999998778553
Doc #108: 2.78731118836e-07 7.15087702764e-14 3.55916908469e-05 2.46729808324e-06 0.0569609106782 5.38633498545e-16 0.844458856306 2.8526109527e-09 0.0985406336046 1.25883830569e-06
Doc #109: 2.33261377161e-23 6.6933651434e-15 0.992886743281 5.23268315712e-05 8.01201585177e-17 0.00706085300566 6.13671805281e-23 7.6207156248e-08 8.0981370705e-15 6.74775268718e-10
Doc #110: 4.7194058397e-17 5.99507373823e-15 2.79868514874e-15 9.05570166158e-16 0.999999957914 3.26006648451e-08 1.17285370122e-18 9.48424620031e-09 3.6162368141e-13 4.1440764904e-13
Doc #111: 0.358841648517 1.12325298393e-06 0.189104040846 1.872841758e-09 1.22636945295e-17 0.00156091785512 3.17758794275e-06 0.140062684173 0.310426405896 2.36729870272e-22
Doc #112: 5.82524210275e-30 4.81114468456e-27 1.0 2.82550413009e-26 7.24336538209e-24 4.09740858757e-16 1.66919874721e-13 8.30798883557e-22 6.0545753346e-22 1.09735337632e-24
Doc #113: 0.995539328307 0.00446067169286 1.78886741224e-13 9.10451153929e-15 5.14388077074e-22 3.19560235999e-24 6.8455255436e-25 1.25053388981e-14 4.63507725238e-14 9.41533824197e-20
Doc #114: 0.00080003475423 9.03604632515e-10 0.580510878258 2.84772426549e-09 9.64828665803e-19 0.00125023842095 0.417438844335 4.80946324611e-10 1.86110023304e-17 4.1205307018e-16
Doc #115: 9.52580104998e-18 5.33691502552e-10 6.72580181807e-15 1.02005606775e-27 2.28298765946e-29 1.06872441381e-31 1.71250157198e-26 9.05138352309e-18 0.999992812322 7.18714462741e-06
Doc #116: 4.3330687577e-08 1.29316827129e-10 0.39291958092 0.522722634715 0.0843577406141 2.34233463106e-10 3.08212859287e-11 3.19798280827e-24 2.58336011442e-11 8.1205513836e-19
Doc #117: 1.42654464761e-15 1.23319152139e-18 9.7702803686e-21 7.44943710953e-19 3.40867503723e-27 2.55719467416e-30 2.31836645605e-25 1.0 1.70452269276e-16 1.39966586693e-24
Doc #118: 6.2416134637e-14 1.15885570981e-10 3.74958918448e-07 0.663353611468 1.99116183882e-05 1.76354310255e-09 0.210302699746 0.126315943177 5.39136389452e-06 2.06578775694e-06
Doc #119: 0.000114068616524 0.457227520592 0.542658406781 5.86563706637e-11 2.01911964767e-09 8.34844629122e-27 8.25448783895e-16 9.37290888062e-11 3.32119475886e-10 1.50777412122e-09
Doc #120: 0.00444528055001 0.00108234180623 1.09136997738e-05 0.994461415796 4.80977344867e-08 4.99001220069e-11 7.60377538422e-13 1.96008705674e-27 4.34961006688e-23 7.56810001618e-31
Doc #121: 1.93077877392e-14 3.72110724931e-08 1.88017470477e-13 0.78549810382 1.3634427379e-12 6.06774290061e-09 2.48033503182e-07 8.31707745462e-15 2.34028837365e-13 0.214501604866
Doc #122: 1.14074873074e-18 3.15431932923e-17 2.91556082529e-20 3.46805516003e-20 2.9691677124e-21 1.98366416707e-18 2.80011990767e-20 1.19189303152e-19 1.0 6.21427536002e-20
Doc #123: 6.62159309142e-19 1.78614807169e-13 1.55651270902e-23 1.40428034129e-08 1.76441190899e-11 3.3161492182e-15 7.56052915519e-21 3.4149533363e-13 1.22402505881e-14 0.999999985939
Doc #124: 2.02123729183e-28 1.19387896524e-32 4.76619124598e-32 1.0 7.59265375389e-29 1.27856068725e-23 5.72415310286e-41 1.64162516094e-31 2.98848657215e-23 5.93375734226e-46
Doc #125: 3.97396495702e-06 0.480466540373 0.519511891259 2.31486266441e-06 5.27491935663e-12 2.11810598676e-21 2.04552134823e-08 1.01812451517e-05 5.07783394757e-06 2.41685386755e-13
Doc #126: 5.85358256721e-17 3.74804046689e-15 0.999999999978 2.3844091708e-14 8.21458720323e-14 9.84345706391e-15 1.48299770568e-13 5.62815666587e-19 2.04387198955e-11 1.04797015791e-12
Doc #127: 2.29226555219e-14 3.10382678291e-13 6.59336296106e-08 3.00940790034e-14 7.64729705435e-15 1.4002534704e-13 6.63790620494e-10 0.999999933267 5.91638467236e-23 1.34948595911e-10
Doc #128: 1.27073052865e-10 1.17869195233e-10 1.37862409713e-09 1.69492730587e-12 0.0174622271131 7.31037481411e-09 1.88162643203e-13 6.37357006884e-14 9.19335152496e-23 0.982537763951
Doc #129: 1.60815492869e-05 0.999983918448 8.9468041834e-16 8.08897190403e-15 1.07055051996e-26 5.76212286225e-24 7.16483212145e-27 2.27721764762e-17 2.78638136708e-12 5.99246154262e-22
Doc #130: 3.31032729132e-27 1.82020545157e-11 4.78425001933e-26 2.11975823629e-19 1.25184267317e-10 7.67866780539e-23 0.999999999857 1.01959240801e-17 4.6427025875e-24 3.07127725208e-18
