Doc #0: 0.999999996733 5.06870459677e-14 1.24260505973e-15 1.10454749033e-20 3.26662051322e-09 1.11666868778e-16 3.92985527255e-14 2.42755147085e-77 1.79894952015e-14
Doc #1: 0.482892517535 0.161997492214 6.46813279526e-11 0.113392054968 1.52682742591e-09 3.25472341182e-13 0.241717931226 2.47132891131e-17 2.46494098428e-09
Doc #2: 7.41860327449e-17 2.31901765611e-16 2.7320147855e-17 1.45178145262e-15 1.29433509268e-22 0.999999999975 2.49949658693e-11 2.81825673648e-83 1.68879346337e-16
Doc #3: 0.161485382883 0.540923895658 1.93777654963e-06 0.00177417782716 4.82376227168e-10 0.0219754452462 5.06806460375e-13 4.5318987883e-64 0.273839160126
Doc #4: 0.038005745118 0.953908024856 3.87127926999e-06 2.41663548773e-19 3.36045097227e-10 7.46575727794e-08 0.00808228375328 2.13613124106e-56 7.52000718693e-16
Doc #5: 1.37308580737e-15 3.10876019235e-18 0.217742457941 4.82619121545e-08 2.91016872473e-10 0.723613161771 0.0586443317358 1.0545240243e-86 4.9052050529e-23
Doc #6: 0.000323508088354 0.999676326002 4.03274113317e-12 3.17360355852e-14 4.10718734884e-12 1.48546346024e-16 1.10711794654e-09 3.36275896794e-39 1.64794626992e-07
Doc #7: 0.999999995309 1.31863866726e-15 1.6680960168e-17 4.66511159634e-09 2.54529803526e-11 4.72667035138e-20 3.35528271332e-16 1.0394043365e-95 4.61765863897e-13
Doc #8: 1.4973299996e-16 4.42273986436e-10 1.26237865436e-20 4.9982684622e-17 1.24854501419e-27 0.999999999528 1.05280503177e-20 1.86979457219e-56 3.01079400668e-11
Doc #9: 4.36924458601e-10 9.48019791281e-11 5.59566953398e-18 5.17136074541e-09 0.999999994295 3.44796517548e-14 1.81084401034e-12 2.87234877576e-57 5.62275884037e-20
Doc #10: 5.79752466454e-06 0.0145552905796 5.55659363905e-16 0.985438911896 6.23904615799e-14 1.63353320922e-20 3.15412308583e-16 1.97432987463e-141 2.14872810004e-18
Doc #11: 9.75125017944e-14 2.65608432933e-29 2.79966674271e-21 1.94327869597e-12 0.999999999998 1.42680074763e-22 4.16122474266e-14 4.9563943491e-190 8.25282942968e-17
Doc #12: 8.39873068901e-12 0.49340300398 0.505946083663 3.53304996939e-08 5.15469377115e-14 7.69663361009e-15 2.42254344551e-15 2.55717484117e-72 0.000650877018152
Doc #13: 2.8703653403e-10 8.92295024182e-17 2.43081925484e-15 1.116329922e-16 9.32674229432e-06 1.07768413616e-12 0.99999067297 7.6180927535e-40 1.39287969873e-20
Doc #14: 7.71550147329e-21 1.03519191176e-25 9.21335579774e-18 1.0 3.73343515506e-18 3.36725048567e-15 5.55820350658e-15 1.04363435859e-65 2.19664111497e-21
Doc #15: 0.000350725128655 1.57317844672e-19 0.0333235659084 9.92446820473e-12 0.966325707658 5.64087079345e-10 2.69470204987e-10 4.26240146128e-66 4.61020350796e-10
Doc #16: 2.72986173664e-11 1.97786854169e-16 0.290872021717 2.6023994576e-08 0.709127879282 1.55691719655e-09 6.88659060593e-08 7.2933785209e-72 2.52708311173e-09
Doc #17: 1.19286923477e-05 1.35410675668e-17 1.00924140717e-19 9.40001184045e-14 6.66266538708e-09 0.804479156419 0.195508908226 1.55328762509e-51 3.16535796024e-19
Doc #18: 1.34605159819e-06 1.31035322184e-07 6.21698666214e-16 1.03438050847e-14 1.18625504797e-19 4.45599220679e-17 6.44875453458e-15 8.00464360923e-70 0.999998522913
Doc #19: 0.000130717764314 0.0113841993673 0.493197983727 0.0361372363346 0.0229805852656 2.04866552858e-05 0.417385915781 3.09853003685e-49 0.0187628751051
Doc #20: 1.79290886606e-10 8.92731407106e-08 4.48280820541e-14 9.35813291512e-18 4.87283049589e-14 9.45999300867e-18 0.999999910547 2.11404027627e-66 2.41837952959e-15
Doc #21: 0.181285415 0.408293489588 1.50993135209e-11 4.2225408266e-08 3.98336792177e-11 0.000117529927908 4.57265354742e-07 0.0 0.410303065938
Doc #22: 3.26981844765e-13 0.605245596654 0.308368117892 4.30716016292e-13 5.28752027711e-07 0.0863854371253 3.19574309353e-07 2.61820241587e-36 1.16146873169e-12
Doc #23: 1.53592008721e-12 1.17864182224e-16 0.629045705858 1.37436811692e-15 0.000225533289177 0.204569198043 0.166159562807 0.0 7.93981629217e-15
Doc #24: 1.45758985881e-07 0.0651279949332 0.000219537230873 0.155365633435 4.60377929532e-05 0.779099762801 0.000109892419483 1.49759941753e-42 3.09956284544e-05
Doc #25: 1.16317028875e-10 0.231796693222 6.0479373866e-09 3.11673419737e-12 0.563797856797 2.07396682725e-07 8.78080995748e-15 3.68160816376e-43 0.204405236417
Doc #26: 2.90025796047e-20 4.92406197675e-29 4.3906538074e-05 1.10505274409e-37 0.999956093462 1.07134625697e-25 1.33988422405e-21 1.37395922512e-71 2.45694326941e-28
Doc #27: 5.11179709651e-24 0.120884733505 0.879115266452 3.61491239642e-11 1.03615955123e-24 3.62164323027e-16 6.59008204767e-12 4.42191343023e-85 2.88002939546e-15
Doc #28: 1.09013372064e-11 2.43396042018e-14 0.139024475864 6.78320067059e-08 0.815066974333 9.22026863498e-09 2.05091976521e-11 4.3624854768e-55 0.0459084727189
Doc #29: 1.50888446554e-07 6.75518217071e-12 1.44752282036e-14 6.99226763643e-13 3.82568303931e-15 5.29735357201e-12 0.999999849099 6.18941758955e-62 1.36669521782e-21
Doc #30: 3.33934745487e-10 3.96998281813e-08 0.00570937182417 4.29593904384e-19 1.07748956743e-08 3.71461968043e-11 1.45513263196e-15 2.72421036493e-76 0.99429057733
Doc #31: 6.27774196102e-15 1.0 5.29284932589e-20 7.07549067029e-18 6.49753183621e-22 7.09616919201e-16 8.93462478469e-23 4.71647437519e-68 1.80243493331e-21
Doc #32: 1.39368443549e-07 5.94518425682e-15 0.999999860629 1.07598117178e-14 4.89334728179e-13 8.43992414698e-13 8.20997634949e-13 0.0 5.25933832904e-13
Doc #33: 9.08743427253e-14 0.902974259206 0.0251831663481 0.0718422883538 6.41718473848e-10 5.69166235395e-11 2.8353048737e-07 1.90881947171e-51 1.86285134421e-09
Doc #34: 1.21411347935e-18 5.99485827247e-07 0.999999400425 8.93596712794e-11 1.18414842989e-26 1.35283952901e-23 4.81343947063e-14 4.29374658385e-53 7.3371064463e-15
Doc #35: 1.0 8.99264376514e-25 1.28209855625e-19 1.26896962225e-24 7.94270332182e-16 2.0408929124e-23 2.70152741844e-17 4.56253344082e-104 3.83947243388e-26
Doc #36: 2.57492555532e-06 1.87128998304e-22 1.33184385418e-13 6.66854354259e-09 1.71462385351e-09 0.999997416683 8.12770662559e-12 8.33505306285e-57 4.50679099879e-24
Doc #37: 5.62632868259e-13 1.04492485175e-25 1.86179421591e-16 3.00098521117e-16 4.99859986566e-10 1.25445830587e-18 6.98571169361e-14 2.1569237514e-111 0.9999999995
Doc #38: 0.103344657242 2.21727169338e-09 0.101636329511 0.766906162978 8.23514230702e-11 0.0275385081809 0.000574339788335 3.37490630177e-59 1.1777535191e-14
Doc #39: 0.0887477274584 0.000174814245471 0.153776044089 0.000154456687352 3.34486080511e-13 0.210579739846 0.254583918872 5.36634173961e-65 0.291983298801
Doc #40: 1.84239816543e-17 1.32813601939e-12 7.79408227207e-16 7.53250707912e-11 2.57159122527e-19 1.41481066488e-15 0.999999999923 7.83589778323e-60 2.46489376588e-39
Doc #41: 0.00299189010059 9.27009417462e-18 2.05088977345e-11 0.42434361215 5.11230793922e-06 2.01823470954e-05 2.28636697522e-07 1.32814626252e-47 0.572638974437
Doc #42: 3.71755863006e-18 1.05241472391e-09 0.322507339999 2.46025582032e-12 0.677337144539 2.55218711048e-09 0.000155511854614 6.93615894217e-40 1.96505311202e-17
Doc #43: 4.2440972591e-12 7.64979971788e-21 0.00473391158809 0.83247192849 1.56744244058e-09 1.22822209138e-11 0.162794158338 5.30614541052e-59 6.98953443974e-15
Doc #44: 1.04684441093e-21 3.84624466736e-22 2.15117497152e-20 1.17403477506e-22 4.39394778958e-15 7.88350498017e-22 8.66601785034e-20 6.06586433938e-94 1.0
Doc #45: 3.35351315001e-11 1.80532011279e-09 1.3582285933e-07 4.46496921307e-18 0.649267633719 0.113344613451 7.9256454949e-11 2.48693914083e-57 0.237387615088
Doc #46: 9.39217602868e-08 0.999999101403 1.15058880551e-13 8.04088238489e-07 4.84421158675e-15 6.34766633913e-13 5.86447992825e-10 1.05359116062e-49 1.30994545529e-14
Doc #47: 1.0 3.73882040515e-25 1.52056656183e-16 3.25971961239e-17 9.60860922282e-20 2.74785936465e-21 3.76890511627e-17 2.54272210062e-78 1.91774581968e-22
Doc #48: 1.52907883939e-08 1.09875579153e-12 5.63087953406e-09 2.32647909102e-11 6.20698865914e-21 2.89668685919e-15 0.999999979038 2.07274512944e-108 1.60058042356e-11
Doc #49: 0.000338870295439 0.940296416081 1.73915737816e-10 8.64072643715e-13 0.0592882858868 6.1909471136e-05 1.45180905417e-05 1.42444765136e-110 3.17652551795e-17
Doc #50: 7.92404219543e-11 1.39517591092e-17 0.0948271549603 0.304569845815 0.423206135577 2.32856609761e-07 0.177396630711 1.73445278051e-148 3.83160199167e-23
Doc #51: 0.000278333339525 2.18054065516e-08 0.0315846479887 1.05316459351e-16 0.685048220558 1.31267015654e-09 0.0797374005527 3.82158303038e-184 0.203351374443
Doc #52: 1.09219901438e-12 0.0113679555429 0.0548305232927 1.13957246166e-05 0.157982811407 0.249587072033 0.526220241998 4.09469941337e-49 1.13477597698e-15
Doc #53: 0.994261049409 7.61130684662e-17 0.00573895054575 4.56164655831e-11 3.29984140388e-17 8.67717979867e-17 8.86412523899e-15 2.74420703426e-80 1.42961346135e-14
Doc #54: 2.09835389793e-05 0.0585674022848 2.43049414583e-06 0.269070560237 0.499246227952 0.00899112123924 0.164099987171 1.12284310451e-65 1.28708301619e-06
Doc #55: 1.76680074156e-15 1.60205212483e-11 0.147475982122 4.17859041687e-06 0.0503588912143 2.23011580154e-17 0.220729083381 4.89149089358e-36 0.581431864676
Doc #56: 7.12001291347e-18 1.68964596199e-21 4.14286055803e-16 2.06810213946e-21 9.86317877447e-15 1.0 9.36631922436e-22 1.65121906389e-58 6.51109735738e-23
Doc #57: 3.90355153749e-09 4.30990180041e-10 4.05572458891e-10 1.82903232081e-12 6.35362653782e-12 0.999999968426 5.32045942052e-14 4.31739661629e-64 2.68257337086e-08
Doc #58: 5.61210045117e-17 0.754807489264 2.21570624356e-13 0.245190235657 2.67847569252e-12 1.43761086458e-06 8.37464732811e-07 1.7995451612e-23 5.83171631621e-15
Doc #59: 6.65980496256e-21 1.66298487665e-11 3.49371694899e-21 9.08250250728e-17 8.52766918646e-20 4.53898356902e-21 1.04934519973e-23 9.11996728102e-110 0.999999999983
Doc #60: 0.878546611836 1.44559112653e-17 2.28334383397e-06 4.56291216877e-15 1.26022563223e-09 1.60030082162e-11 0.12145110331 1.36539742871e-71 2.33794933985e-10
Doc #61: 0.0666621090971 0.0289616688406 0.000158480193666 0.158307985528 0.424714651188 0.174553187604 4.82231434526e-05 2.29409689224e-140 0.146593694405
Doc #62: 0.310948800449 0.168728952161 0.00132560425289 0.000195515285445 0.00376985874811 0.515031233489 3.55983849734e-08 6.35428861662e-55 1.56909736241e-11
Doc #63: 4.53127931882e-17 1.12285344271e-14 4.13323656255e-23 0.999352600686 1.30333608339e-13 1.59111806488e-21 0.000647399314211 1.5823093352e-66 6.96078356866e-18
Doc #64: 0.0480843080093 0.00355104835727 0.000792120938033 3.23653281004e-08 7.53050796054e-06 0.00088392569402 0.805248079219 4.91556792406e-30 0.141432954909
Doc #65: 0.0627599710807 0.000100743917341 0.585247754434 1.93630440017e-20 1.19427325587e-08 1.05453758713e-20 0.351891518625 1.51533224011e-57 1.39357703577e-13
Doc #66: 3.13591695506e-08 1.10800722729e-16 6.44908388169e-10 0.0101698298383 0.989829400251 6.32903302451e-07 1.0500326681e-07 7.61428974417e-46 7.70356780979e-19
Doc #67: 0.919303116743 1.33256949215e-09 8.94653163904e-05 1.03394905248e-07 0.080607313201 2.04366896575e-12 9.99237871095e-12 8.14057881826e-85 8.58590498527e-14
Doc #68: 2.01914218025e-11 0.000158629026354 0.999840838205 2.23478938711e-08 5.10400338732e-07 8.56689245592e-14 2.24022194081e-13 5.62452447194e-79 6.68498669667e-16
Doc #69: 7.9072308926e-20 7.86487423394e-29 1.0 6.72764756071e-23 6.25185366104e-15 8.76321440678e-27 1.01116666926e-17 3.87391595498e-40 9.04764498661e-20
Doc #70: 0.000323207695564 0.445882535559 3.84659179644e-05 6.59736898255e-12 0.552088020871 2.06920548944e-07 0.00166755590883 2.54827978423e-43 7.1204856121e-09
Doc #71: 3.48375037204e-10 0.566251271047 1.24818397167e-13 0.412265926463 1.05937126047e-10 9.27760798453e-06 0.0214723458695 1.20862240664e-71 1.17855731974e-06
Doc #72: 1.10402416418e-13 8.69383295124e-09 6.52996172765e-15 2.48426314534e-12 0.999999986749 2.33688233926e-09 2.21780044247e-09 1.15662950113e-51 7.12538924879e-24
Doc #73: 3.31233917715e-09 0.246902968851 5.4126126874e-05 0.583875130036 1.0499727137e-05 1.53051930068e-10 0.169157271794 7.39629657689e-50 1.93321274565e-14
Doc #74: 0.114156231578 2.87233525656e-18 5.33905534713e-30 6.70673615517e-13 2.38747222675e-12 4.9378973527e-23 2.98750512306e-22 2.8233632323e-142 0.885843768419
Doc #75: 0.196300016436 0.140227395297 0.0442266761293 9.45624852496e-14 0.000125899088803 0.394275233827 5.35438809656e-17 3.7533869896e-183 0.224844779222
Doc #76: 3.21192657293e-10 0.0872442446561 2.20937762758e-09 0.00130114528083 0.811346705101 0.00110011093156 7.11947451582e-07 4.42930908963e-59 0.0990070795523
Doc #77: 2.06223322133e-09 5.41628311856e-14 1.60001833767e-09 0.999999986132 5.68199317705e-09 4.52344764709e-09 1.05246101358e-16 2.80412523569e-80 6.99248384132e-14
Doc #78: 1.11754612973e-12 4.50944350837e-10 0.999999835 1.63270379985e-07 1.45487954275e-14 1.25797389977e-09 1.96700287988e-11 2.94631258962e-44 3.30198762537e-15
Doc #79: 9.82973760938e-12 6.74183500004e-18 3.50680519226e-19 9.35168282107e-09 2.93159114145e-09 5.42182852866e-08 0.999999933489 1.1943036216e-56 1.07995268135e-22
Doc #80: 3.92474918628e-21 1.82709666221e-14 3.52085919871e-16 7.10586221619e-13 8.35743829964e-19 0.999999999999 1.49494400198e-16 7.46750923352e-64 3.62584175088e-21
Doc #81: 2.79072884505e-19 1.66498145428e-15 9.34158411652e-17 5.64891019975e-10 0.685700358182 1.06222287511e-15 3.55540494898e-08 1.74544011953e-72 0.314299605699
Doc #82: 0.112237050965 0.00743785868535 0.0119460346797 3.12497953122e-06 6.89360068021e-07 0.868265222335 1.84129395079e-09 6.0744897232e-72 0.000110017153424
Doc #83: 2.77157017276e-22 5.82413965831e-19 0.999999748698 1.74212423304e-30 8.92310156937e-14 7.86415073432e-19 2.51301916332e-07 1.81195786426e-70 3.31596856518e-16
Doc #84: 8.6193421151e-12 5.16037550822e-14 6.47447321529e-09 7.38736102478e-11 0.999998893926 2.27473970399e-07 8.72042718259e-07 1.60382358351e-43 2.78898679344e-21
Doc #85: 0.22507039345 8.4952491022e-11 3.49693833257e-11 1.82973920909e-21 0.774925324261 2.01083019745e-09 1.2772844974e-08 1.95728706831e-90 4.26738577409e-06
Doc #86: 6.99793975994e-05 2.11734626665e-17 6.98987055293e-14 4.16005323786e-13 0.999930009596 3.55893730962e-12 1.06593822252e-08 9.22210984251e-41 3.42530435371e-10
Doc #87: 3.28954865533e-12 0.237436740023 0.296837066403 0.465701919598 4.14244264791e-09 6.41111372898e-08 9.70924597337e-06 3.85641455901e-196 1.44964733376e-05
Doc #88: 8.78735139749e-17 2.33803107862e-18 1.85841477551e-19 3.9689807439e-16 4.42022215791e-17 5.76820734628e-21 2.71001564135e-20 2.25034048237e-68 1.0
Doc #89: 8.94069831642e-15 3.44356863606e-10 2.86837847455e-11 0.999999999627 1.20344889351e-17 2.33367405974e-24 1.9081913e-18 2.97055629323e-60 2.21522982201e-28
Doc #90: 4.66679809069e-07 0.820914997444 0.178337506277 1.06534585925e-11 0.000745525904971 2.40144267119e-08 3.0878245842e-10 3.79425988552e-61 1.47936025223e-06
Doc #91: 3.36236183119e-17 1.0 6.91188476076e-22 2.89262317659e-23 8.42946106073e-22 6.06593627551e-20 3.44345640114e-17 2.99730498895e-77 1.08440286137e-16
Doc #92: 2.02982456297e-05 4.48381764237e-18 0.0246077654881 1.14116186677e-20 1.43404150692e-05 1.05435281983e-07 0.124358923589 2.64623931147e-39 0.850998566827
Doc #93: 5.25932149979e-12 1.73246182305e-26 0.99999992597 1.29897881438e-21 7.40244233117e-08 1.88273587874e-17 7.13953775755e-24 3.80893867994e-55 9.25243020374e-20
Doc #94: 0.000205628894216 0.475804127261 0.182785043857 4.88881048549e-09 0.0898903652291 1.45562041426e-11 9.72736882982e-16 1.0391140559e-46 0.251314829855
Doc #95: 3.4185484754e-18 5.94911706555e-28 3.9715376875e-17 6.1777676113e-26 8.28402571222e-17 2.40316513634e-30 1.0 6.46742090018e-66 5.60854358627e-22
Doc #96: 5.69121642672e-11 2.19929667674e-20 0.999999999868 5.43001932232e-17 6.50385251935e-11 9.95213397537e-12 7.05824455127e-15 4.89962735881e-70 4.34171016917e-21
Doc #97: 0.216841259102 0.00154533153857 1.10015110281e-09 1.9466002418e-17 0.289483442689 0.0407681621659 0.258174327589 1.6607050984e-15 0.193187475816
Doc #98: 0.00442845150298 1.56699578568e-10 0.000544655813634 2.307765614e-14 0.661427197752 0.333599694767 7.8470995851e-12 1.05018631587e-28 9.70125576291e-27
Doc #99: 2.56655488858e-16 2.08199475587e-05 0.134238216174 9.90269076343e-16 5.81101415714e-13 1.57451925472e-06 0.865739389358 4.41757972676e-159 1.51446069736e-21
Doc #100: 9.62024572531e-17 1.38386457887e-11 2.46122742366e-10 3.92536431024e-35 6.70465683458e-06 2.70316538269e-07 7.16781816893e-19 5.59804621748e-39 0.999993024767
Doc #101: 2.97320170479e-13 4.29278160292e-12 2.02729638254e-17 0.843364799833 1.21640406416e-12 2.9322556951e-18 0.156635200161 1.23733607595e-101 1.18800766462e-31
Doc #102: 4.15903211385e-11 6.90406942132e-14 5.20980497498e-10 9.54251457832e-17 6.12870463521e-15 1.89044374808e-22 0.999999999437 7.90411238807e-52 2.09675228008e-23
Doc #103: 1.0 5.12834232425e-24 1.13710260079e-20 1.37904321163e-13 1.21801205263e-20 1.85499899845e-24 1.20259636941e-14 9.40719758303e-114 2.31153082957e-32
Doc #104: 6.37522054108e-17 2.1786886266e-12 0.999937691453 6.23081630762e-05 2.72836560146e-12 8.29843752606e-11 7.37550235669e-15 1.63817136012e-72 2.96018394979e-10
Doc #105: 1.25805094213e-15 4.69916339515e-16 1.20645936279e-12 1.11786493504e-10 2.77240218664e-12 6.17188832373e-11 0.999999999823 2.04078283427e-71 3.47767676026e-25
Doc #106: 1.33399347865e-09 4.313982816e-16 0.568137599629 9.96674397438e-19 5.08529041786e-16 1.36369357617e-18 0.431862399037 1.63426934168e-41 4.00850823651e-19
Doc #107: 7.33825792426e-16 3.77398123209e-10 1.30803096306e-07 1.05993901025e-11 2.21449673703e-05 1.26947640287e-08 0.999977711147 7.99957349308e-29 2.59394000677e-20
Doc #108: 0.495347883731 0.00759693078613 1.19306409814e-12 7.58638415524e-14 0.497015612806 1.46040582742e-05 2.49686083366e-05 2.02119958482e-140 8.50181545473e-12
Doc #109: 1.69607238575e-14 3.15117045324e-05 3.59098271433e-12 0.409216005269 3.98664466086e-10 4.55051784045e-09 2.54234684771e-12 2.04644953111e-168 0.590752478071
Doc #110: 1.05204936504e-07 5.19915123897e-08 0.882746771262 5.24443881196e-13 0.117251993513 2.53486233158e-11 8.64323970522e-07 5.34182747991e-151 2.13678918986e-07
Doc #111: 7.20102603029e-07 0.268284941819 1.77386823114e-12 1.36017730546e-07 3.97961401312e-06 0.525401229462 8.87860364995e-15 1.19173917136e-32 0.206308992982
Doc #112: 1.32640317732e-15 3.89073244667e-19 3.90082381436e-17 1.0 5.08882034713e-16 3.01803400092e-28 2.95149333237e-15 2.25293667846e-64 2.35079814315e-26
Doc #113: 7.38457128699e-21 1.0 1.67644877245e-18 5.40541525178e-20 4.69513242264e-20 9.69872943281e-23 2.85540900117e-17 4.41701356799e-75 2.68535341359e-18
Doc #114: 0.000202411075771 0.723921386992 2.20542161984e-06 4.11884104124e-09 1.75700482644e-05 2.78839259069e-05 3.08442014137e-12 6.42993330081e-175 0.275828538415
Doc #115: 0.428895208669 3.22105738912e-07 4.35772108735e-15 7.67757627955e-13 0.00374147760996 1.65962146214e-10 2.83210727573e-05 0.567334670376 4.65588355067e-22
Doc #116: 2.70945838976e-17 6.59778459509e-09 1.43281704178e-05 4.08173594462e-23 1.47360742636e-09 8.80599857679e-10 5.79192913496e-25 0.0 0.999985662878
Doc #117: 4.12508349918e-19 1.0 4.70807745238e-20 1.26909158241e-23 6.68466842341e-30 6.64237320473e-23 3.73576546676e-18 4.20525381073e-54 8.0314609968e-32
Doc #118: 2.27813625548e-11 1.3349204437e-08 0.0554575960609 0.299902375962 2.89792739813e-13 7.05618966869e-14 0.644640014603 6.99638452713e-60 2.29883332883e-12
Doc #119: 0.0869981345035 0.297594295575 0.0222835228272 0.000663219790146 5.85535834638e-07 4.69478719553e-07 0.59245977229 8.34386702379e-49 4.84656135047e-15
Doc #120: 8.22120047005e-12 0.0955650620945 1.02871657034e-06 9.28541858655e-12 0.392511199999 5.27469254693e-05 6.00037562688e-24 5.76925437855e-59 0.511869962247
Doc #121: 2.94197183085e-05 8.21183496859e-20 6.86322332952e-07 0.00548619671944 8.10582085511e-09 2.72498825811e-19 0.992793738129 3.48050260917e-108 0.0016899510056
Doc #122: 3.75508264697e-19 4.72282561608e-13 7.51731898442e-12 0.999999999987 3.09169698845e-15 2.85428658703e-13 1.76687368317e-17 9.2937178691e-56 4.48638340797e-12
Doc #123: 2.82525740806e-17 8.6839237105e-18 2.27624557501e-07 0.661745106399 4.40373669439e-12 5.85172409653e-19 0.338254665972 0.0 1.58695223288e-18
Doc #124: 1.51199478168e-21 4.30804979103e-23 1.25388322255e-21 5.77300029805e-23 3.42469753963e-35 1.31545784036e-30 2.10887777538e-28 1.5237109145e-85 1.0
Doc #125: 1.43253794039e-14 0.610886556526 9.24648581238e-12 0.381484997076 1.89406664453e-15 9.93848993869e-12 1.60460243582e-13 2.10652250374e-56 0.00762844637775
Doc #126: 5.43593615127e-17 4.37412905968e-08 3.77027156022e-10 2.2220605172e-10 1.70890784654e-05 0.999526217502 0.000456649072075 2.03306245389e-40 6.47242768461e-12
Doc #127: 2.91943624105e-09 2.3283840728e-18 7.18334430254e-13 3.93527581558e-10 1.20411917558e-20 3.78633850712e-15 0.999999996686 2.24971705763e-60 2.95819173095e-15
Doc #128: 8.70991693684e-15 3.31660129719e-11 4.13115189387e-09 5.60560406944e-16 0.999999271199 2.76472746055e-15 7.24636464354e-07 1.83661363807e-58 1.21639544552e-16
Doc #129: 1.21735947611e-24 1.0 1.12393031966e-23 2.00815282508e-22 8.50656765213e-20 2.41827761094e-19 3.61719133363e-18 1.24153314737e-74 9.80865911518e-19
Doc #130: 2.10103546677e-09 2.82320327618e-19 3.64927262337e-11 0.999999997861 1.42846675605e-12 5.83753943382e-17 1.20150401307e-15 8.91423092676e-80 1.86784735341e-18
Doc #131: 0.09931757857 0.147533125825 0.113636502353 0.146419068455 0.122702896482 0.122474246595 0.139593316977 0.000781983936603 0.107541280806
Doc #132: 0.0 0.0 0.0 0.0 1.0 0.0 0.0 0.0 0.0
Doc #133: 0.0 0.0 0.0 0.0 0.0 0.0 0.0 1.0 0.0
Doc #134: 1.77060371365e-08 0.00124222523897 0.193019151715 4.53507010365e-10 0.531213251467 0.157191175849 1.3797178312e-05 0.0303031442638 0.0870172361291
Doc #135: 0.0 0.0 0.0 0.0 1.0 0.0 0.0 0.0 0.0
Doc #136: 0.0 0.0 0.0 0.0 0.0 0.0 0.0 1.0 0.0
Doc #137: 5.5799095759e-11 0.000143294776205 0.108044001223 4.05999458442e-12 0.553458658674 0.10156435186 1.13159111681e-08 0.0227273414147 0.214062340676
Doc #138: 0.0 0.0 0.0 0.0 1.0 0.0 0.0 0.0 0.0
Doc #139: 0.0 0.0 0.0 0.0 0.0 0.0 0.0 1.0 0.0
Doc #140: 4.55046134186e-05 1.78670436117e-05 0.186665179066 1.15691026894e-09 0.484317930831 0.234948705178 0.00525567788404 0.0181818607392 0.0705672734879
Doc #141: 0.0 0.0 0.0 0.0 1.0 0.0 0.0 0.0 0.0
Doc #142: 0.0 0.0 0.0 0.0 0.0 0.0 0.0 1.0 0.0
Doc #143: 2.28097715394e-06 0.112658667274 0.14172977631 1.41982955769e-07 0.326190639982 0.254757972681 0.000221032240147 0.0177634095552 0.146676078998
Doc #144: 0.0 0.0 0.0 0.0 1.0 0.0 0.0 0.0 0.0
Doc #145: 0.0 0.0 0.0 0.0 0.0 0.0 0.0 1.0 0.0
Doc #146: 7.94889038362e-15 0.212167652215 0.0710934277516 2.33883929189e-15 0.411183516196 0.168160400605 9.87428338385e-06 0.0158586068291 0.12152652212
Doc #147: 0.0 0.0 0.0 0.0 1.0 0.0 0.0 0.0 0.0
Doc #148: 0.0 0.0 0.0 0.0 0.0 0.0 0.0 1.0 0.0
Doc #149: 0.0238815369212 0.176258508176 0.0347966543254 6.06365384731e-11 0.329488265751 0.199548784841 7.2887195875e-08 0.0134349175954 0.222591259443
