0.00720164609053 0.00308641975309 0.00308641975309 0.0257201646091 0.00102880658436 0.00102880658436 0.00102880658436 0.00308641975309 0.00102880658436 0.00102880658436 0.00102880658436 0.941358024691 0.00102880658436 0.00102880658436 0.00102880658436 0.00102880658436 0.00102880658436 0.00102880658436 0.00308641975309 0.00102880658436 
0.12312633833 0.00107066381156 0.00107066381156 0.00321199143469 0.00107066381156 0.00107066381156 0.00107066381156 0.00107066381156 0.00107066381156 0.00107066381156 0.00107066381156 0.840471092077 0.00107066381156 0.00749464668094 0.00107066381156 0.00107066381156 0.00107066381156 0.00107066381156 0.00749464668094 0.00321199143469 
0.00065274151436 0.0032637075718 0.00065274151436 0.00065274151436 0.0032637075718 0.00065274151436 0.00195822454308 0.00065274151436 0.00065274151436 0.00195822454308 0.00065274151436 0.978459530026 0.00065274151436 0.00065274151436 0.00065274151436 0.00065274151436 0.00065274151436 0.00065274151436 0.00195822454308 0.00065274151436 
0.842065868263 0.00374251497006 0.000748502994012 0.000748502994012 0.00673652694611 0.000748502994012 0.00374251497006 0.000748502994012 0.000748502994012 0.000748502994012 0.000748502994012 0.111526946108 0.00523952095808 0.000748502994012 0.00224550898204 0.00374251497006 0.00523952095808 0.000748502994012 0.00673652694611 0.00224550898204 
0.00115473441109 0.00115473441109 0.00115473441109 0.00115473441109 0.00346420323326 0.00346420323326 0.00115473441109 0.00115473441109 0.123556581986 0.00115473441109 0.00115473441109 0.00115473441109 0.00115473441109 0.00115473441109 0.00115473441109 0.00346420323326 0.00115473441109 0.00115473441109 0.846420323326 0.00346420323326 
0.00106382978723 0.00106382978723 0.00106382978723 0.00106382978723 0.00106382978723 0.00106382978723 0.00106382978723 0.00106382978723 0.0968085106383 0.00106382978723 0.00106382978723 0.0031914893617 0.00106382978723 0.00106382978723 0.00106382978723 0.00106382978723 0.00106382978723 0.00106382978723 0.881914893617 0.00106382978723 
0.00741239892183 0.000673854447439 0.000673854447439 0.000673854447439 0.000673854447439 0.00202156334232 0.000673854447439 0.000673854447439 0.104447439353 0.000673854447439 0.00202156334232 0.00471698113208 0.000673854447439 0.000673854447439 0.000673854447439 0.000673854447439 0.000673854447439 0.000673854447439 0.869946091644 0.000673854447439 
0.00414364640884 0.00138121546961 0.00138121546961 0.00138121546961 0.00138121546961 0.00138121546961 0.00414364640884 0.00138121546961 0.00138121546961 0.00138121546961 0.00414364640884 0.10635359116 0.00690607734807 0.00966850828729 0.00138121546961 0.00138121546961 0.00138121546961 0.00690607734807 0.835635359116 0.00690607734807 
0.002 0.002 0.002 0.002 0.002 0.018 0.002 0.002 0.11 0.014 0.01 0.006 0.002 0.002 0.002 0.006 0.002 0.006 0.806 0.002 
0.0906488549618 0.000954198473282 0.00286259541985 0.00667938931298 0.000954198473282 0.000954198473282 0.00286259541985 0.000954198473282 0.000954198473282 0.00286259541985 0.000954198473282 0.871183206107 0.000954198473282 0.000954198473282 0.000954198473282 0.000954198473282 0.00286259541985 0.00286259541985 0.00667938931298 0.000954198473282 
0.0112068965517 0.00258620689655 0.000862068965517 0.00258620689655 0.00431034482759 0.000862068965517 0.00258620689655 0.00258620689655 0.000862068965517 0.000862068965517 0.00258620689655 0.173275862069 0.000862068965517 0.026724137931 0.000862068965517 0.000862068965517 0.000862068965517 0.000862068965517 0.762931034483 0.000862068965517 
0.197127937337 0.00130548302872 0.00130548302872 0.0065274151436 0.00130548302872 0.00391644908616 0.0065274151436 0.00130548302872 0.129242819843 0.00130548302872 0.00130548302872 0.079634464752 0.00130548302872 0.00391644908616 0.00391644908616 0.00130548302872 0.00130548302872 0.00391644908616 0.552219321149 0.00130548302872 
0.0723938223938 0.00289575289575 0.000965250965251 0.0125482625483 0.000965250965251 0.000965250965251 0.0144787644788 0.000965250965251 0.000965250965251 0.000965250965251 0.00482625482625 0.553088803089 0.00482625482625 0.00482625482625 0.000965250965251 0.000965250965251 0.000965250965251 0.000965250965251 0.319498069498 0.000965250965251 
0.0192307692308 0.00147928994083 0.00147928994083 0.00147928994083 0.00147928994083 0.00147928994083 0.00147928994083 0.00147928994083 0.128698224852 0.00147928994083 0.00147928994083 0.00443786982249 0.00147928994083 0.00147928994083 0.00147928994083 0.00147928994083 0.00147928994083 0.00147928994083 0.823964497041 0.00147928994083 
0.0382059800664 0.00166112956811 0.00166112956811 0.0747508305648 0.00166112956811 0.00166112956811 0.00166112956811 0.00166112956811 0.0980066445183 0.00166112956811 0.00166112956811 0.0215946843854 0.00166112956811 0.00830564784053 0.00166112956811 0.00166112956811 0.00166112956811 0.00166112956811 0.735880398671 0.00166112956811 
0.00774336283186 0.0033185840708 0.00110619469027 0.00110619469027 0.00110619469027 0.0033185840708 0.00110619469027 0.00110619469027 0.00110619469027 0.00110619469027 0.0033185840708 0.00995575221239 0.0033185840708 0.0033185840708 0.00110619469027 0.0121681415929 0.0033185840708 0.0033185840708 0.934734513274 0.0033185840708 
0.957608695652 0.00108695652174 0.00108695652174 0.0141304347826 0.00108695652174 0.00108695652174 0.00108695652174 0.00108695652174 0.00108695652174 0.00108695652174 0.00108695652174 0.00108695652174 0.00108695652174 0.00108695652174 0.00326086956522 0.0054347826087 0.00108695652174 0.00108695652174 0.00326086956522 0.00108695652174 
0.696948682386 0.000693481276006 0.000693481276006 0.00208044382802 0.000693481276006 0.00208044382802 0.000693481276006 0.000693481276006 0.000693481276006 0.000693481276006 0.000693481276006 0.179611650485 0.000693481276006 0.000693481276006 0.000693481276006 0.000693481276006 0.000693481276006 0.000693481276006 0.108876560333 0.000693481276006 
0.15658217498 0.000408830744072 0.00204415372036 0.00531479967294 0.0028618152085 0.000408830744072 0.000408830744072 0.00122649223222 0.115699100572 0.000408830744072 0.000408830744072 0.437857726901 0.000408830744072 0.000408830744072 0.000408830744072 0.000408830744072 0.000408830744072 0.000408830744072 0.273507767784 0.000408830744072 
0.00292397660819 0.00292397660819 0.00292397660819 0.00292397660819 0.00292397660819 0.00292397660819 0.00292397660819 0.00292397660819 0.137426900585 0.00292397660819 0.00292397660819 0.0321637426901 0.00292397660819 0.00292397660819 0.00292397660819 0.00292397660819 0.00292397660819 0.00292397660819 0.780701754386 0.00292397660819 
0.0953947368421 0.00328947368421 0.00328947368421 0.0888157894737 0.00328947368421 0.00986842105263 0.00328947368421 0.00328947368421 0.00328947368421 0.00328947368421 0.00328947368421 0.0493421052632 0.0230263157895 0.0164473684211 0.00328947368421 0.00328947368421 0.00328947368421 0.00328947368421 0.674342105263 0.00328947368421 
0.000848896434635 0.000848896434635 0.000848896434635 0.000848896434635 0.000848896434635 0.000848896434635 0.000848896434635 0.00424448217317 0.000848896434635 0.00424448217317 0.000848896434635 0.280984719864 0.0025466893039 0.000848896434635 0.000848896434635 0.000848896434635 0.000848896434635 0.0025466893039 0.693548387097 0.000848896434635 
0.0604575163399 0.00816993464052 0.0016339869281 0.0016339869281 0.0016339869281 0.0016339869281 0.0016339869281 0.0016339869281 0.0016339869281 0.00816993464052 0.0016339869281 0.0996732026144 0.0016339869281 0.00490196078431 0.0016339869281 0.0016339869281 0.0016339869281 0.0016339869281 0.795751633987 0.0016339869281 
0.737569060773 0.00276243093923 0.00828729281768 0.00276243093923 0.00276243093923 0.00276243093923 0.00276243093923 0.00276243093923 0.00276243093923 0.00276243093923 0.00276243093923 0.0193370165746 0.00828729281768 0.00276243093923 0.00828729281768 0.00276243093923 0.00276243093923 0.00276243093923 0.17955801105 0.00276243093923 
0.000998003992016 0.00499001996008 0.000998003992016 0.00299401197605 0.000998003992016 0.000998003992016 0.000998003992016 0.000998003992016 0.000998003992016 0.000998003992016 0.000998003992016 0.000998003992016 0.000998003992016 0.000998003992016 0.000998003992016 0.000998003992016 0.00299401197605 0.000998003992016 0.973053892216 0.000998003992016 
0.0020325203252 0.0020325203252 0.0020325203252 0.00609756097561 0.0020325203252 0.0020325203252 0.0020325203252 0.0020325203252 0.0020325203252 0.0020325203252 0.0020325203252 0.957317073171 0.0020325203252 0.0020325203252 0.0020325203252 0.0020325203252 0.0020325203252 0.0020325203252 0.0020325203252 0.0020325203252 
0.00779510022272 0.0011135857461 0.0011135857461 0.0167037861915 0.0011135857461 0.0011135857461 0.00556792873051 0.0011135857461 0.0011135857461 0.00334075723831 0.0011135857461 0.947661469933 0.0011135857461 0.0011135857461 0.0011135857461 0.0011135857461 0.0011135857461 0.0011135857461 0.00334075723831 0.0011135857461 
0.00135501355014 0.00406504065041 0.00135501355014 0.00135501355014 0.00135501355014 0.00135501355014 0.00135501355014 0.00135501355014 0.00135501355014 0.00135501355014 0.00406504065041 0.643631436314 0.00135501355014 0.169376693767 0.00135501355014 0.00135501355014 0.00135501355014 0.00135501355014 0.158536585366 0.00135501355014 
0.00446428571429 0.000637755102041 0.000637755102041 0.00191326530612 0.000637755102041 0.000637755102041 0.00191326530612 0.000637755102041 0.000637755102041 0.000637755102041 0.116709183673 0.000637755102041 0.00191326530612 0.00191326530612 0.000637755102041 0.00191326530612 0.000637755102041 0.000637755102041 0.861607142857 0.000637755102041 
0.0397727272727 0.00568181818182 0.130681818182 0.0170454545455 0.00568181818182 0.0170454545455 0.00568181818182 0.00568181818182 0.00568181818182 0.00568181818182 0.0170454545455 0.00568181818182 0.00568181818182 0.00568181818182 0.00568181818182 0.00568181818182 0.0170454545455 0.00568181818182 0.6875 0.00568181818182 
0.368243243243 0.0101351351351 0.00337837837838 0.0168918918919 0.00337837837838 0.00337837837838 0.00337837837838 0.0101351351351 0.00337837837838 0.00337837837838 0.0168918918919 0.152027027027 0.00337837837838 0.0304054054054 0.00337837837838 0.0101351351351 0.0236486486486 0.00337837837838 0.327702702703 0.00337837837838 
0.00574712643678 0.00574712643678 0.00574712643678 0.00574712643678 0.0172413793103 0.00574712643678 0.00574712643678 0.00574712643678 0.00574712643678 0.00574712643678 0.00574712643678 0.85632183908 0.00574712643678 0.00574712643678 0.0172413793103 0.0172413793103 0.00574712643678 0.00574712643678 0.00574712643678 0.00574712643678 
0.00067842605156 0.00067842605156 0.00067842605156 0.00610583446404 0.00203527815468 0.00067842605156 0.00067842605156 0.00067842605156 0.00067842605156 0.00067842605156 0.00067842605156 0.22184531886 0.00067842605156 0.00067842605156 0.00203527815468 0.00067842605156 0.00067842605156 0.00067842605156 0.753731343284 0.00474898236092 
0.0126811594203 0.0018115942029 0.0018115942029 0.0380434782609 0.0018115942029 0.0018115942029 0.0018115942029 0.0054347826087 0.0054347826087 0.00905797101449 0.0054347826087 0.197463768116 0.00905797101449 0.0018115942029 0.0018115942029 0.0018115942029 0.0054347826087 0.0018115942029 0.690217391304 0.0054347826087 
0.260646108664 0.00367107195301 0.00367107195301 0.319383259912 0.000734214390602 0.000734214390602 0.00220264317181 0.000734214390602 0.000734214390602 0.00660792951542 0.000734214390602 0.328193832599 0.000734214390602 0.00367107195301 0.000734214390602 0.000734214390602 0.00220264317181 0.00220264317181 0.0594713656388 0.00220264317181 
0.00121951219512 0.00121951219512 0.00609756097561 0.00121951219512 0.00121951219512 0.00121951219512 0.00365853658537 0.00121951219512 0.00121951219512 0.00121951219512 0.00121951219512 0.186585365854 0.00121951219512 0.00121951219512 0.00121951219512 0.00365853658537 0.00121951219512 0.00121951219512 0.781707317073 0.00121951219512 
0.92032967033 0.00274725274725 0.00274725274725 0.00274725274725 0.00274725274725 0.00274725274725 0.00274725274725 0.00824175824176 0.00274725274725 0.00274725274725 0.00274725274725 0.0137362637363 0.00274725274725 0.00274725274725 0.00274725274725 0.00274725274725 0.00274725274725 0.00274725274725 0.00824175824176 0.00824175824176 
0.619109947644 0.00130890052356 0.0065445026178 0.00916230366492 0.00130890052356 0.00130890052356 0.00130890052356 0.0065445026178 0.00130890052356 0.00130890052356 0.00130890052356 0.00130890052356 0.00130890052356 0.00130890052356 0.00130890052356 0.00130890052356 0.00130890052356 0.00130890052356 0.333769633508 0.0065445026178 
0.0170454545455 0.00568181818182 0.00568181818182 0.00568181818182 0.00568181818182 0.00568181818182 0.0170454545455 0.00568181818182 0.00568181818182 0.00568181818182 0.00568181818182 0.823863636364 0.00568181818182 0.00568181818182 0.00568181818182 0.0284090909091 0.00568181818182 0.0170454545455 0.0170454545455 0.00568181818182 
0.0010752688172 0.0010752688172 0.0010752688172 0.0247311827957 0.0010752688172 0.0010752688172 0.00322580645161 0.0010752688172 0.0010752688172 0.0010752688172 0.0010752688172 0.943010752688 0.0010752688172 0.0010752688172 0.0010752688172 0.0010752688172 0.0010752688172 0.0010752688172 0.0118279569892 0.0010752688172 
0.100600600601 0.0015015015015 0.0015015015015 0.0435435435435 0.0015015015015 0.00750750750751 0.0015015015015 0.0015015015015 0.00750750750751 0.0015015015015 0.0015015015015 0.124624624625 0.220720720721 0.0045045045045 0.0015015015015 0.0015015015015 0.0015015015015 0.0015015015015 0.472972972973 0.0015015015015 
0.885775862069 0.00215517241379 0.00215517241379 0.00215517241379 0.00215517241379 0.00215517241379 0.00215517241379 0.00215517241379 0.00215517241379 0.00215517241379 0.00215517241379 0.00646551724138 0.00646551724138 0.00646551724138 0.00215517241379 0.00646551724138 0.00215517241379 0.00215517241379 0.0538793103448 0.00646551724138 
0.311403508772 0.0131578947368 0.00438596491228 0.00438596491228 0.0131578947368 0.0131578947368 0.00438596491228 0.00438596491228 0.00438596491228 0.00438596491228 0.00438596491228 0.530701754386 0.00438596491228 0.00438596491228 0.0131578947368 0.00438596491228 0.00438596491228 0.00438596491228 0.0394736842105 0.0131578947368 
0.681818181818 0.00505050505051 0.0454545454545 0.0454545454545 0.0252525252525 0.0252525252525 0.0151515151515 0.00505050505051 0.00505050505051 0.0151515151515 0.0252525252525 0.0353535353535 0.00505050505051 0.0151515151515 0.00505050505051 0.00505050505051 0.00505050505051 0.00505050505051 0.0252525252525 0.00505050505051 
0.000924214417745 0.000924214417745 0.000924214417745 0.000924214417745 0.000924214417745 0.00277264325323 0.000924214417745 0.000924214417745 0.000924214417745 0.000924214417745 0.00277264325323 0.300369685767 0.000924214417745 0.000924214417745 0.00462107208872 0.000924214417745 0.00277264325323 0.000924214417745 0.673752310536 0.000924214417745 
0.0910652920962 0.00171821305842 0.00171821305842 0.00515463917526 0.00171821305842 0.00171821305842 0.00171821305842 0.00171821305842 0.00171821305842 0.0120274914089 0.159793814433 0.00171821305842 0.00171821305842 0.00171821305842 0.00171821305842 0.00171821305842 0.00171821305842 0.00171821305842 0.70618556701 0.00171821305842 
0.40625 0.0010775862069 0.0010775862069 0.00969827586207 0.0010775862069 0.0010775862069 0.00538793103448 0.00754310344828 0.0010775862069 0.00538793103448 0.00323275862069 0.00538793103448 0.00323275862069 0.0010775862069 0.0010775862069 0.00538793103448 0.0010775862069 0.0010775862069 0.533405172414 0.00538793103448 
0.458333333333 0.00378787878788 0.0189393939394 0.0719696969697 0.0113636363636 0.00378787878788 0.00378787878788 0.0113636363636 0.00378787878788 0.0265151515152 0.00378787878788 0.337121212121 0.00378787878788 0.00378787878788 0.00378787878788 0.00378787878788 0.00378787878788 0.00378787878788 0.00378787878788 0.0189393939394 
0.113666228647 0.00065703022339 0.00065703022339 0.00197109067017 0.00065703022339 0.00065703022339 0.171484888305 0.00197109067017 0.00065703022339 0.00065703022339 0.00065703022339 0.559132720105 0.00197109067017 0.00065703022339 0.00197109067017 0.00065703022339 0.00065703022339 0.00065703022339 0.139947437582 0.00065703022339 
0.695046439628 0.0015479876161 0.0015479876161 0.0015479876161 0.0077399380805 0.0046439628483 0.0015479876161 0.0356037151703 0.0015479876161 0.0015479876161 0.0046439628483 0.181114551084 0.0046439628483 0.0046439628483 0.0015479876161 0.0046439628483 0.0108359133127 0.0139318885449 0.0201238390093 0.0015479876161 
0.00557620817844 0.0092936802974 0.00185873605948 0.00557620817844 0.00185873605948 0.00185873605948 0.0130111524164 0.0204460966543 0.00557620817844 0.0092936802974 0.00185873605948 0.0724907063197 0.00185873605948 0.00185873605948 0.00557620817844 0.00185873605948 0.00185873605948 0.00185873605948 0.834572490706 0.00185873605948 
0.442693409742 0.00143266475645 0.00143266475645 0.00429799426934 0.00429799426934 0.00429799426934 0.00143266475645 0.0214899713467 0.00429799426934 0.00143266475645 0.00143266475645 0.00143266475645 0.00143266475645 0.00143266475645 0.00143266475645 0.00429799426934 0.00143266475645 0.00143266475645 0.497134670487 0.00143266475645 
0.955357142857 0.000992063492063 0.000992063492063 0.00496031746032 0.000992063492063 0.00694444444444 0.000992063492063 0.00496031746032 0.000992063492063 0.000992063492063 0.00496031746032 0.00297619047619 0.000992063492063 0.000992063492063 0.000992063492063 0.000992063492063 0.000992063492063 0.00297619047619 0.00496031746032 0.000992063492063 
0.629661016949 0.00254237288136 0.000847457627119 0.000847457627119 0.000847457627119 0.00254237288136 0.000847457627119 0.000847457627119 0.000847457627119 0.000847457627119 0.00254237288136 0.00593220338983 0.000847457627119 0.000847457627119 0.000847457627119 0.000847457627119 0.134745762712 0.000847457627119 0.211016949153 0.000847457627119 
0.310064935065 0.00487012987013 0.00162337662338 0.0308441558442 0.00487012987013 0.0113636363636 0.00487012987013 0.00162337662338 0.00162337662338 0.121753246753 0.00162337662338 0.465909090909 0.00487012987013 0.00162337662338 0.00162337662338 0.00162337662338 0.00162337662338 0.00811688311688 0.0146103896104 0.00487012987013 
0.00348837209302 0.00116279069767 0.00116279069767 0.00116279069767 0.00116279069767 0.00116279069767 0.00116279069767 0.00116279069767 0.00116279069767 0.110465116279 0.00116279069767 0.00116279069767 0.00116279069767 0.00116279069767 0.00116279069767 0.00348837209302 0.00116279069767 0.00116279069767 0.863953488372 0.00116279069767 
0.509825327511 0.00109170305677 0.00109170305677 0.0163755458515 0.00109170305677 0.00327510917031 0.00109170305677 0.00109170305677 0.00109170305677 0.186681222707 0.00109170305677 0.00109170305677 0.00109170305677 0.00109170305677 0.00109170305677 0.00109170305677 0.00109170305677 0.00327510917031 0.265283842795 0.00109170305677 
0.225252525253 0.00505050505051 0.0030303030303 0.0919191919192 0.0010101010101 0.0010101010101 0.0010101010101 0.0030303030303 0.0010101010101 0.0010101010101 0.0010101010101 0.534343434343 0.0010101010101 0.0191919191919 0.0010101010101 0.0010101010101 0.0030303030303 0.0010101010101 0.10404040404 0.0010101010101 
0.765193370166 0.00828729281768 0.00276243093923 0.0138121546961 0.0193370165746 0.0138121546961 0.00276243093923 0.00276243093923 0.00828729281768 0.0524861878453 0.00828729281768 0.0690607734807 0.00828729281768 0.00276243093923 0.00276243093923 0.00276243093923 0.00828729281768 0.00276243093923 0.00276243093923 0.00276243093923 
0.889496717724 0.00109409190372 0.00109409190372 0.00109409190372 0.00109409190372 0.00109409190372 0.00328227571116 0.00109409190372 0.00109409190372 0.00109409190372 0.00109409190372 0.00328227571116 0.00328227571116 0.00109409190372 0.00109409190372 0.00328227571116 0.00328227571116 0.00109409190372 0.0776805251641 0.00328227571116 
0.0116640746501 0.000777604976672 0.00233281493002 0.00233281493002 0.000777604976672 0.000777604976672 0.000777604976672 0.000777604976672 0.00388802488336 0.000777604976672 0.000777604976672 0.394245723173 0.000777604976672 0.156298600311 0.00233281493002 0.000777604976672 0.000777604976672 0.000777604976672 0.417573872473 0.000777604976672 
0.00310559006211 0.00103519668737 0.00103519668737 0.00517598343685 0.00103519668737 0.00103519668737 0.00310559006211 0.00310559006211 0.00103519668737 0.00103519668737 0.00103519668737 0.00310559006211 0.00103519668737 0.00103519668737 0.00103519668737 0.108695652174 0.00103519668737 0.00103519668737 0.860248447205 0.00103519668737 
0.00583657587549 0.00194552529183 0.00194552529183 0.00583657587549 0.00194552529183 0.00194552529183 0.00194552529183 0.0175097276265 0.00194552529183 0.00194552529183 0.00194552529183 0.250972762646 0.00194552529183 0.00194552529183 0.00583657587549 0.00194552529183 0.00194552529183 0.00583657587549 0.682879377432 0.00194552529183 
0.000827814569536 0.00248344370861 0.000827814569536 0.00413907284768 0.000827814569536 0.000827814569536 0.000827814569536 0.000827814569536 0.000827814569536 0.000827814569536 0.000827814569536 0.00248344370861 0.000827814569536 0.00248344370861 0.000827814569536 0.000827814569536 0.000827814569536 0.000827814569536 0.975993377483 0.000827814569536 
0.00291828793774 0.000972762645914 0.000972762645914 0.000972762645914 0.000972762645914 0.000972762645914 0.000972762645914 0.000972762645914 0.000972762645914 0.00486381322957 0.000972762645914 0.022373540856 0.000972762645914 0.000972762645914 0.000972762645914 0.000972762645914 0.00291828793774 0.00291828793774 0.946498054475 0.00486381322957 
0.519370460048 0.00121065375303 0.00121065375303 0.00121065375303 0.00121065375303 0.00121065375303 0.00121065375303 0.00121065375303 0.00121065375303 0.134382566586 0.00121065375303 0.139225181598 0.00605326876513 0.00605326876513 0.00121065375303 0.00121065375303 0.00605326876513 0.00121065375303 0.173123486683 0.00121065375303 
0.00423728813559 0.0127118644068 0.00423728813559 0.00423728813559 0.0127118644068 0.00423728813559 0.00423728813559 0.00423728813559 0.00423728813559 0.0127118644068 0.00423728813559 0.834745762712 0.00423728813559 0.00423728813559 0.00423728813559 0.0466101694915 0.00423728813559 0.00423728813559 0.00423728813559 0.021186440678 
0.320402298851 0.0014367816092 0.0014367816092 0.0014367816092 0.0014367816092 0.00431034482759 0.0014367816092 0.0014367816092 0.0014367816092 0.00431034482759 0.0014367816092 0.058908045977 0.0014367816092 0.0617816091954 0.0014367816092 0.0014367816092 0.0014367816092 0.0014367816092 0.530172413793 0.0014367816092 
0.0669099756691 0.00121654501217 0.00121654501217 0.0304136253041 0.00121654501217 0.00121654501217 0.00851581508516 0.00851581508516 0.00851581508516 0.00121654501217 0.00121654501217 0.843065693431 0.00121654501217 0.0036496350365 0.00121654501217 0.00121654501217 0.0036496350365 0.00121654501217 0.0133819951338 0.00121654501217 
0.00626118067979 0.000894454382826 0.000894454382826 0.000894454382826 0.000894454382826 0.000894454382826 0.000894454382826 0.000894454382826 0.000894454382826 0.000894454382826 0.000894454382826 0.961538461538 0.00268336314848 0.000894454382826 0.00268336314848 0.00268336314848 0.000894454382826 0.000894454382826 0.0116279069767 0.000894454382826 
0.00549450549451 0.0018315018315 0.00549450549451 0.00549450549451 0.0018315018315 0.0018315018315 0.0018315018315 0.0018315018315 0.00915750915751 0.0018315018315 0.0018315018315 0.778388278388 0.0018315018315 0.0018315018315 0.0018315018315 0.0018315018315 0.0018315018315 0.00915750915751 0.163003663004 0.0018315018315 
0.0030487804878 0.0030487804878 0.00914634146341 0.155487804878 0.0030487804878 0.0030487804878 0.0030487804878 0.0030487804878 0.0030487804878 0.0030487804878 0.0030487804878 0.67987804878 0.0030487804878 0.0030487804878 0.0030487804878 0.0030487804878 0.0030487804878 0.0030487804878 0.106707317073 0.0030487804878 
0.263513513514 0.0202702702703 0.00675675675676 0.0202702702703 0.00675675675676 0.00675675675676 0.00675675675676 0.00675675675676 0.00675675675676 0.00675675675676 0.0202702702703 0.493243243243 0.0608108108108 0.0337837837838 0.00675675675676 0.00675675675676 0.00675675675676 0.00675675675676 0.00675675675676 0.00675675675676 
0.00239234449761 0.00239234449761 0.00239234449761 0.00239234449761 0.00717703349282 0.00239234449761 0.00239234449761 0.00239234449761 0.00239234449761 0.0645933014354 0.00239234449761 0.0406698564593 0.00239234449761 0.00717703349282 0.00239234449761 0.00717703349282 0.00239234449761 0.00239234449761 0.83971291866 0.00239234449761 
0.747232472325 0.00184501845018 0.00553505535055 0.049815498155 0.00184501845018 0.00184501845018 0.00184501845018 0.00184501845018 0.00184501845018 0.00553505535055 0.00184501845018 0.116236162362 0.00184501845018 0.00184501845018 0.00184501845018 0.00184501845018 0.00184501845018 0.00184501845018 0.049815498155 0.00184501845018 
0.0210280373832 0.0116822429907 0.00233644859813 0.00233644859813 0.00700934579439 0.00700934579439 0.0116822429907 0.00233644859813 0.0116822429907 0.00233644859813 0.0210280373832 0.581775700935 0.00233644859813 0.0771028037383 0.00233644859813 0.0303738317757 0.00700934579439 0.00233644859813 0.193925233645 0.00233644859813 
0.0121951219512 0.00406504065041 0.0365853658537 0.00406504065041 0.00406504065041 0.00406504065041 0.00406504065041 0.00406504065041 0.00406504065041 0.00406504065041 0.00406504065041 0.434959349593 0.00406504065041 0.0284552845528 0.0284552845528 0.00406504065041 0.00406504065041 0.00406504065041 0.40243902439 0.00406504065041 
0.01875 0.01875 0.00625 0.03125 0.00625 0.00625 0.01875 0.00625 0.00625 0.01875 0.00625 0.79375 0.00625 0.01875 0.00625 0.00625 0.00625 0.00625 0.00625 0.00625 
0.00191570881226 0.00191570881226 0.00191570881226 0.00191570881226 0.00574712643678 0.00191570881226 0.00191570881226 0.00191570881226 0.113026819923 0.00191570881226 0.00191570881226 0.051724137931 0.00191570881226 0.00191570881226 0.00191570881226 0.00191570881226 0.00191570881226 0.00191570881226 0.798850574713 0.00191570881226 
0.269817073171 0.0015243902439 0.0015243902439 0.0106707317073 0.0015243902439 0.00457317073171 0.0015243902439 0.0015243902439 0.00457317073171 0.0015243902439 0.0015243902439 0.00457317073171 0.00457317073171 0.0015243902439 0.00457317073171 0.00457317073171 0.0015243902439 0.0015243902439 0.675304878049 0.0015243902439 
0.00480769230769 0.00480769230769 0.0240384615385 0.00480769230769 0.0144230769231 0.00480769230769 0.00480769230769 0.00480769230769 0.00480769230769 0.00480769230769 0.00480769230769 0.793269230769 0.00480769230769 0.0721153846154 0.0144230769231 0.0144230769231 0.00480769230769 0.00480769230769 0.00480769230769 0.00480769230769 
0.0014164305949 0.0014164305949 0.0014164305949 0.0070821529745 0.0070821529745 0.0014164305949 0.0014164305949 0.0014164305949 0.0014164305949 0.0014164305949 0.0014164305949 0.205382436261 0.00991501416431 0.0042492917847 0.0014164305949 0.0014164305949 0.0014164305949 0.0042492917847 0.737960339943 0.0070821529745 
0.00092936802974 0.00092936802974 0.00092936802974 0.0176579925651 0.00092936802974 0.00092936802974 0.00092936802974 0.00092936802974 0.00092936802974 0.00092936802974 0.00092936802974 0.00836431226766 0.00092936802974 0.00092936802974 0.00092936802974 0.158921933086 0.00092936802974 0.00092936802974 0.800185873606 0.00092936802974 
0.183544303797 0.00126582278481 0.00126582278481 0.00126582278481 0.00379746835443 0.00126582278481 0.0113924050633 0.00379746835443 0.00126582278481 0.00126582278481 0.00126582278481 0.763291139241 0.00379746835443 0.00379746835443 0.00126582278481 0.00126582278481 0.00126582278481 0.00126582278481 0.0113924050633 0.00126582278481 
0.0168918918919 0.00337837837838 0.00337837837838 0.00337837837838 0.00337837837838 0.00337837837838 0.00337837837838 0.00337837837838 0.00337837837838 0.00337837837838 0.00337837837838 0.760135135135 0.00337837837838 0.00337837837838 0.0101351351351 0.158783783784 0.00337837837838 0.00337837837838 0.00337837837838 0.00337837837838 
0.745481927711 0.00150602409639 0.00251004016064 0.0256024096386 0.000502008032129 0.000502008032129 0.00251004016064 0.000502008032129 0.000502008032129 0.000502008032129 0.000502008032129 0.214357429719 0.000502008032129 0.000502008032129 0.000502008032129 0.000502008032129 0.000502008032129 0.000502008032129 0.00150602409639 0.000502008032129 
0.0939393939394 0.0030303030303 0.0010101010101 0.0131313131313 0.00505050505051 0.0010101010101 0.10404040404 0.0010101010101 0.0010101010101 0.0030303030303 0.0010101010101 0.0616161616162 0.0010101010101 0.0010101010101 0.0030303030303 0.0010101010101 0.0010101010101 0.0010101010101 0.7 0.0030303030303 
0.632096069869 0.00109170305677 0.00109170305677 0.0207423580786 0.00109170305677 0.00109170305677 0.00109170305677 0.00109170305677 0.00109170305677 0.00327510917031 0.00327510917031 0.110262008734 0.00109170305677 0.00109170305677 0.00109170305677 0.00109170305677 0.00109170305677 0.00327510917031 0.206331877729 0.00764192139738 
0.000724637681159 0.000724637681159 0.000724637681159 0.000724637681159 0.000724637681159 0.000724637681159 0.000724637681159 0.000724637681159 0.000724637681159 0.000724637681159 0.000724637681159 0.000724637681159 0.000724637681159 0.000724637681159 0.00217391304348 0.000724637681159 0.000724637681159 0.000724637681159 0.984782608696 0.000724637681159 
0.277536231884 0.00217391304348 0.000724637681159 0.00652173913043 0.000724637681159 0.000724637681159 0.0253623188406 0.000724637681159 0.000724637681159 0.000724637681159 0.000724637681159 0.532608695652 0.00797101449275 0.000724637681159 0.0036231884058 0.00507246376812 0.0036231884058 0.00652173913043 0.113768115942 0.00942028985507 
0.652753108348 0.00088809946714 0.00266429840142 0.0044404973357 0.00088809946714 0.00088809946714 0.00088809946714 0.00266429840142 0.00088809946714 0.00088809946714 0.00088809946714 0.0310834813499 0.00088809946714 0.00088809946714 0.00088809946714 0.00088809946714 0.00088809946714 0.00088809946714 0.290408525755 0.0044404973357 
0.00657894736842 0.00657894736842 0.00657894736842 0.0197368421053 0.0197368421053 0.00657894736842 0.164473684211 0.00657894736842 0.00657894736842 0.00657894736842 0.0460526315789 0.177631578947 0.00657894736842 0.0197368421053 0.00657894736842 0.00657894736842 0.00657894736842 0.00657894736842 0.467105263158 0.00657894736842 
0.77024291498 0.00708502024291 0.00101214574899 0.0151821862348 0.00101214574899 0.00303643724696 0.00303643724696 0.00303643724696 0.00101214574899 0.00101214574899 0.00101214574899 0.183198380567 0.00303643724696 0.00101214574899 0.00101214574899 0.00101214574899 0.00101214574899 0.00101214574899 0.00101214574899 0.00101214574899 
0.0261958997722 0.00113895216401 0.00113895216401 0.00113895216401 0.00797266514806 0.00113895216401 0.00341685649203 0.00113895216401 0.00113895216401 0.00113895216401 0.00113895216401 0.944191343964 0.00113895216401 0.00113895216401 0.00113895216401 0.00113895216401 0.00113895216401 0.00113895216401 0.00113895216401 0.00113895216401 
0.0438775510204 0.00102040816327 0.00102040816327 0.00102040816327 0.0030612244898 0.00102040816327 0.0030612244898 0.00102040816327 0.00102040816327 0.00918367346939 0.00102040816327 0.374489795918 0.00510204081633 0.0928571428571 0.0173469387755 0.0030612244898 0.0030612244898 0.00102040816327 0.435714285714 0.00102040816327 
0.0546511627907 0.00116279069767 0.00116279069767 0.00581395348837 0.00116279069767 0.00116279069767 0.00116279069767 0.00116279069767 0.00116279069767 0.112790697674 0.00348837209302 0.00581395348837 0.00116279069767 0.00116279069767 0.00116279069767 0.00348837209302 0.00116279069767 0.00348837209302 0.796511627907 0.00116279069767 
0.044014084507 0.00176056338028 0.00176056338028 0.00176056338028 0.00528169014085 0.00176056338028 0.00176056338028 0.00528169014085 0.00176056338028 0.00176056338028 0.00176056338028 0.170774647887 0.00176056338028 0.00176056338028 0.00176056338028 0.00176056338028 0.00176056338028 0.00176056338028 0.74823943662 0.00176056338028 
0.00396825396825 0.000566893424036 0.000566893424036 0.00170068027211 0.000566893424036 0.000566893424036 0.000566893424036 0.00170068027211 0.00170068027211 0.000566893424036 0.000566893424036 0.0912698412698 0.000566893424036 0.000566893424036 0.00170068027211 0.000566893424036 0.000566893424036 0.000566893424036 0.890589569161 0.000566893424036 
0.162239089184 0.00284629981025 0.000948766603416 0.00664136622391 0.000948766603416 0.00284629981025 0.00284629981025 0.000948766603416 0.00664136622391 0.000948766603416 0.000948766603416 0.1110056926 0.0920303605313 0.000948766603416 0.000948766603416 0.00284629981025 0.000948766603416 0.00284629981025 0.596774193548 0.00284629981025 
0.0401554404145 0.00129533678756 0.00129533678756 0.0246113989637 0.00129533678756 0.00129533678756 0.177461139896 0.00129533678756 0.00129533678756 0.00129533678756 0.00129533678756 0.550518134715 0.00129533678756 0.00129533678756 0.00129533678756 0.00129533678756 0.00129533678756 0.00388601036269 0.185233160622 0.00129533678756 
0.541666666667 0.000886524822695 0.000886524822695 0.00265957446809 0.00620567375887 0.00620567375887 0.000886524822695 0.000886524822695 0.00620567375887 0.00265957446809 0.00265957446809 0.000886524822695 0.000886524822695 0.000886524822695 0.000886524822695 0.000886524822695 0.135638297872 0.000886524822695 0.284574468085 0.00265957446809 
0.00707070707071 0.0010101010101 0.0030303030303 0.0010101010101 0.0010101010101 0.0010101010101 0.0010101010101 0.0010101010101 0.0010101010101 0.0010101010101 0.0010101010101 0.184848484848 0.0010101010101 0.0878787878788 0.0010101010101 0.0010101010101 0.0010101010101 0.0010101010101 0.70202020202 0.0010101010101 
0.120078740157 0.00196850393701 0.00196850393701 0.00196850393701 0.00196850393701 0.00196850393701 0.124015748031 0.00196850393701 0.00196850393701 0.00196850393701 0.00196850393701 0.0255905511811 0.00196850393701 0.00196850393701 0.00196850393701 0.00196850393701 0.00984251968504 0.00196850393701 0.69094488189 0.00196850393701 
0.0210084033613 0.00420168067227 0.0126050420168 0.00420168067227 0.0126050420168 0.00420168067227 0.00420168067227 0.00420168067227 0.00420168067227 0.00420168067227 0.0126050420168 0.68487394958 0.00420168067227 0.189075630252 0.00420168067227 0.00420168067227 0.00420168067227 0.00420168067227 0.0126050420168 0.00420168067227 
0.0516666666667 0.00166666666667 0.00166666666667 0.00833333333333 0.00166666666667 0.0116666666667 0.00166666666667 0.00166666666667 0.00166666666667 0.0183333333333 0.00166666666667 0.035 0.00166666666667 0.00833333333333 0.00166666666667 0.0116666666667 0.00166666666667 0.00166666666667 0.831666666667 0.005 
0.818548387097 0.0120967741935 0.00403225806452 0.00403225806452 0.00403225806452 0.00403225806452 0.0120967741935 0.0282258064516 0.00403225806452 0.00403225806452 0.0120967741935 0.0282258064516 0.0120967741935 0.0120967741935 0.00403225806452 0.00403225806452 0.00403225806452 0.00403225806452 0.0201612903226 0.00403225806452 
0.440199335548 0.00166112956811 0.00166112956811 0.00166112956811 0.00498338870432 0.00166112956811 0.00166112956811 0.00830564784053 0.00830564784053 0.00166112956811 0.117940199336 0.0116279069767 0.00498338870432 0.00498338870432 0.0116279069767 0.00166112956811 0.00498338870432 0.00830564784053 0.357142857143 0.00498338870432 
0.000392772977219 0.000392772977219 0.000392772977219 0.000392772977219 0.000392772977219 0.000392772977219 0.000392772977219 0.000392772977219 0.000392772977219 0.000392772977219 0.000392772977219 0.371956009427 0.000392772977219 0.139434406913 0.000392772977219 0.000392772977219 0.000392772977219 0.000392772977219 0.481146897093 0.00117831893166 
0.0978647686833 0.0017793594306 0.00889679715302 0.140569395018 0.0017793594306 0.0017793594306 0.00533807829181 0.00533807829181 0.0017793594306 0.0017793594306 0.00533807829181 0.503558718861 0.0017793594306 0.0480427046263 0.0017793594306 0.0017793594306 0.0017793594306 0.0017793594306 0.165480427046 0.0017793594306 
0.0208333333333 0.0208333333333 0.00416666666667 0.00416666666667 0.00416666666667 0.00416666666667 0.00416666666667 0.00416666666667 0.00416666666667 0.00416666666667 0.00416666666667 0.779166666667 0.00416666666667 0.00416666666667 0.00416666666667 0.104166666667 0.0125 0.00416666666667 0.00416666666667 0.00416666666667 
0.966970387244 0.00113895216401 0.00113895216401 0.00113895216401 0.00113895216401 0.00113895216401 0.00113895216401 0.00113895216401 0.00113895216401 0.00113895216401 0.00113895216401 0.00113895216401 0.00341685649203 0.00113895216401 0.00341685649203 0.00341685649203 0.00113895216401 0.00113895216401 0.00341685649203 0.00341685649203 
0.123693379791 0.00174216027875 0.00174216027875 0.0156794425087 0.00174216027875 0.00174216027875 0.116724738676 0.00174216027875 0.00174216027875 0.00174216027875 0.00522648083624 0.510452961672 0.00174216027875 0.00174216027875 0.00174216027875 0.00174216027875 0.00174216027875 0.00174216027875 0.203832752613 0.00174216027875 
0.0435267857143 0.00558035714286 0.00111607142857 0.0122767857143 0.00111607142857 0.00111607142857 0.00111607142857 0.00111607142857 0.00334821428571 0.00111607142857 0.00111607142857 0.9140625 0.00111607142857 0.00111607142857 0.00111607142857 0.00111607142857 0.00111607142857 0.00111607142857 0.00334821428571 0.00334821428571 
0.0107973421927 0.00249169435216 0.000830564784053 0.00747508305648 0.000830564784053 0.00415282392027 0.000830564784053 0.000830564784053 0.000830564784053 0.000830564784053 0.000830564784053 0.587209302326 0.000830564784053 0.000830564784053 0.000830564784053 0.000830564784053 0.000830564784053 0.000830564784053 0.376245847176 0.000830564784053 
0.0231481481481 0.000661375661376 0.000661375661376 0.00330687830688 0.00198412698413 0.000661375661376 0.000661375661376 0.000661375661376 0.000661375661376 0.000661375661376 0.000661375661376 0.115740740741 0.000661375661376 0.000661375661376 0.000661375661376 0.000661375661376 0.000661375661376 0.000661375661376 0.845899470899 0.000661375661376 
0.0190217391304 0.00271739130435 0.00271739130435 0.00271739130435 0.00815217391304 0.00271739130435 0.00271739130435 0.00271739130435 0.00271739130435 0.00271739130435 0.00815217391304 0.1875 0.00271739130435 0.00815217391304 0.00271739130435 0.00271739130435 0.00271739130435 0.00271739130435 0.73097826087 0.00271739130435 
0.0851979345955 0.000860585197935 0.000860585197935 0.000860585197935 0.000860585197935 0.000860585197935 0.000860585197935 0.0025817555938 0.000860585197935 0.000860585197935 0.131669535284 0.000860585197935 0.0025817555938 0.000860585197935 0.000860585197935 0.000860585197935 0.000860585197935 0.000860585197935 0.765060240964 0.000860585197935 
0.175736961451 0.00113378684807 0.00113378684807 0.00113378684807 0.00113378684807 0.00566893424036 0.00113378684807 0.00113378684807 0.0147392290249 0.0170068027211 0.00113378684807 0.465986394558 0.00113378684807 0.00113378684807 0.00340136054422 0.00340136054422 0.00566893424036 0.00113378684807 0.295918367347 0.00113378684807 
0.772 0.004 0.004 0.068 0.012 0.012 0.004 0.004 0.004 0.004 0.02 0.012 0.004 0.004 0.004 0.012 0.004 0.004 0.044 0.004 
0.73598820059 0.00442477876106 0.0103244837758 0.00147492625369 0.00147492625369 0.00737463126844 0.0280235988201 0.0132743362832 0.0103244837758 0.00147492625369 0.00147492625369 0.116519174041 0.00737463126844 0.00147492625369 0.00147492625369 0.00147492625369 0.00147492625369 0.0162241887906 0.0368731563422 0.00147492625369 
0.00105485232068 0.00316455696203 0.00105485232068 0.0137130801688 0.00105485232068 0.00105485232068 0.00105485232068 0.00105485232068 0.00105485232068 0.00105485232068 0.00105485232068 0.00105485232068 0.00105485232068 0.00105485232068 0.00105485232068 0.00105485232068 0.00105485232068 0.00105485232068 0.965189873418 0.00105485232068 
